  0.5745E+08
  0.5248E+08
  0.4793E+08
  0.4377E+08
  0.3997E+08
  0.3649E+08
  0.3331E+08
  0.3041E+08
  0.2776E+08
  0.2533E+08
  0.2312E+08
  0.2110E+08
  0.1926E+08
  0.1758E+08
  0.1605E+08
  0.1465E+08
  0.1337E+08
  0.1220E+08
  0.1114E+08
  0.1017E+08
  0.9289E+07
  0.9075E+07
  0.9001E+07
  0.8927E+07
  0.8854E+07
  0.8781E+07
  0.8709E+07
  0.8638E+07
  0.8568E+07
  0.8498E+07
  0.8428E+07
  0.8360E+07
  0.8292E+07
  0.8224E+07
  0.8157E+07
  0.8091E+07
  0.8025E+07
  0.7960E+07
  0.7896E+07
  0.7832E+07
  0.7768E+07
  0.7705E+07
  0.7643E+07
  0.7581E+07
  0.7520E+07
  0.7459E+07
  0.7402E+07
  0.7359E+07
  0.7316E+07
  0.7274E+07
  0.7232E+07
  0.7191E+07
  0.7149E+07
  0.7108E+07
  0.7068E+07
  0.7027E+07
  0.6987E+07
  0.6947E+07
  0.6908E+07
  0.6868E+07
  0.6829E+07
  0.6790E+07
  0.6752E+07
  0.6714E+07
  0.6676E+07
  0.6638E+07
  0.6600E+07
  0.6563E+07
  0.6526E+07
  0.6489E+07
  0.6453E+07
  0.6417E+07
  0.6381E+07
  0.6345E+07
  0.6309E+07
  0.6274E+07
  0.6239E+07
  0.6204E+07
  0.6169E+07
  0.6135E+07
  0.6101E+07
  0.6067E+07
  0.6033E+07
  0.5999E+07
  0.5966E+07
  0.5933E+07
  0.5900E+07
  0.5867E+07
  0.5835E+07
  0.5803E+07
  0.5771E+07
  0.5739E+07
  0.5707E+07
  0.5676E+07
  0.5644E+07
  0.5613E+07
  0.5582E+07
  0.5552E+07
  0.5521E+07
  0.5491E+07
  0.5461E+07
  0.5431E+07
  0.5401E+07
  0.5371E+07
  0.5342E+07
  0.5313E+07
  0.5284E+07
  0.5255E+07
  0.5226E+07
  0.5198E+07
  0.5169E+07
  0.5141E+07
  0.5113E+07
  0.5085E+07
  0.5057E+07
  0.5030E+07
  0.5002E+07
  0.4975E+07
  0.4948E+07
  0.4921E+07
  0.4894E+07
  0.4868E+07
  0.4841E+07
  0.4815E+07
  0.4789E+07
  0.4763E+07
  0.4737E+07
  0.4712E+07
  0.4686E+07
  0.4661E+07
  0.4635E+07
  0.4610E+07
  0.4585E+07
  0.4560E+07
  0.4536E+07
  0.4511E+07
  0.4487E+07
  0.4462E+07
  0.4438E+07
  0.4414E+07
  0.4390E+07
  0.4366E+07
  0.4343E+07
  0.4319E+07
  0.4296E+07
  0.4273E+07
  0.4249E+07
  0.4226E+07
  0.4204E+07
  0.4181E+07
  0.4158E+07
  0.4136E+07
  0.4113E+07
  0.4091E+07
  0.4069E+07
  0.4047E+07
  0.4025E+07
  0.4003E+07
  0.3982E+07
  0.3960E+07
  0.3939E+07
  0.3918E+07
  0.3896E+07
  0.3875E+07
  0.3855E+07
  0.3834E+07
  0.3813E+07
  0.3792E+07
  0.3772E+07
  0.3752E+07
  0.3731E+07
  0.3711E+07
  0.3691E+07
  0.3671E+07
  0.3651E+07
  0.3632E+07
  0.3612E+07
  0.3592E+07
  0.3573E+07
  0.3554E+07
  0.3535E+07
  0.3515E+07
  0.3496E+07
  0.3478E+07
  0.3461E+07
  0.3445E+07
  0.3429E+07
  0.3413E+07
  0.3397E+07
  0.3381E+07
  0.3365E+07
  0.3349E+07
  0.3333E+07
  0.3318E+07
  0.3302E+07
  0.3287E+07
  0.3271E+07
  0.3256E+07
  0.3241E+07
  0.3226E+07
  0.3210E+07
  0.3195E+07
  0.3180E+07
  0.3165E+07
  0.3151E+07
  0.3136E+07
  0.3121E+07
  0.3106E+07
  0.3092E+07
  0.3077E+07
  0.3063E+07
  0.3049E+07
  0.3034E+07
  0.3020E+07
  0.3006E+07
  0.2992E+07
  0.2978E+07
  0.2965E+07
  0.2952E+07
  0.2940E+07
  0.2928E+07
  0.2916E+07
  0.2904E+07
  0.2892E+07
  0.2880E+07
  0.2868E+07
  0.2856E+07
  0.2845E+07
  0.2833E+07
  0.2821E+07
  0.2809E+07
  0.2798E+07
  0.2786E+07
  0.2775E+07
  0.2763E+07
  0.2752E+07
  0.2741E+07
  0.2729E+07
  0.2718E+07
  0.2707E+07
  0.2696E+07
  0.2685E+07
  0.2673E+07
  0.2662E+07
  0.2651E+07
  0.2641E+07
  0.2630E+07
  0.2619E+07
  0.2608E+07
  0.2597E+07
  0.2586E+07
  0.2576E+07
  0.2565E+07
  0.2555E+07
  0.2544E+07
  0.2534E+07
  0.2523E+07
  0.2513E+07
  0.2502E+07
  0.2492E+07
  0.2482E+07
  0.2471E+07
  0.2461E+07
  0.2451E+07
  0.2441E+07
  0.2431E+07
  0.2421E+07
  0.2411E+07
  0.2401E+07
  0.2391E+07
  0.2381E+07
  0.2371E+07
  0.2361E+07
  0.2351E+07
  0.2342E+07
  0.2332E+07
  0.2322E+07
  0.2313E+07
  0.2303E+07
  0.2294E+07
  0.2284E+07
  0.2275E+07
  0.2265E+07
  0.2256E+07
  0.2246E+07
  0.2237E+07
  0.2228E+07
  0.2219E+07
  0.2209E+07
  0.2200E+07
  0.2191E+07
  0.2182E+07
  0.2173E+07
  0.2164E+07
  0.2155E+07
  0.2146E+07
  0.2137E+07
  0.2128E+07
  0.2119E+07
  0.2110E+07
  0.2102E+07
  0.2093E+07
  0.2084E+07
  0.2076E+07
  0.2067E+07
  0.2058E+07
  0.2050E+07
  0.2041E+07
  0.2033E+07
  0.2024E+07
  0.2016E+07
  0.2007E+07
  0.1999E+07
  0.1991E+07
  0.1982E+07
  0.1974E+07
  0.1966E+07
  0.1957E+07
  0.1949E+07
  0.1941E+07
  0.1933E+07
  0.1925E+07
  0.1917E+07
  0.1909E+07
  0.1901E+07
  0.1893E+07
  0.1885E+07
  0.1877E+07
  0.1869E+07
  0.1861E+07
  0.1853E+07
  0.1846E+07
  0.1838E+07
  0.1830E+07
  0.1822E+07
  0.1815E+07
  0.1807E+07
  0.1799E+07
  0.1792E+07
  0.1784E+07
  0.1777E+07
  0.1769E+07
  0.1762E+07
  0.1754E+07
  0.1747E+07
  0.1739E+07
  0.1732E+07
  0.1725E+07
  0.1717E+07
  0.1710E+07
  0.1703E+07
  0.1696E+07
  0.1688E+07
  0.1681E+07
  0.1674E+07
  0.1667E+07
  0.1660E+07
  0.1653E+07
  0.1646E+07
  0.1639E+07
  0.1632E+07
  0.1625E+07
  0.1618E+07
  0.1611E+07
  0.1604E+07
  0.1597E+07
  0.1590E+07
  0.1583E+07
  0.1576E+07
  0.1570E+07
  0.1563E+07
  0.1556E+07
  0.1550E+07
  0.1543E+07
  0.1536E+07
  0.1530E+07
  0.1523E+07
  0.1517E+07
  0.1510E+07
  0.1503E+07
  0.1497E+07
  0.1491E+07
  0.1484E+07
  0.1478E+07
  0.1471E+07
  0.1465E+07
  0.1459E+07
  0.1452E+07
  0.1446E+07
  0.1440E+07
  0.1433E+07
  0.1427E+07
  0.1421E+07
  0.1415E+07
  0.1409E+07
  0.1403E+07
  0.1397E+07
  0.1390E+07
  0.1384E+07
  0.1378E+07
  0.1372E+07
  0.1366E+07
  0.1360E+07
  0.1354E+07
  0.1349E+07
  0.1343E+07
  0.1337E+07
  0.1331E+07
  0.1325E+07
  0.1319E+07
  0.1313E+07
  0.1308E+07
  0.1302E+07
  0.1296E+07
  0.1291E+07
  0.1286E+07
  0.1281E+07
  0.1275E+07
  0.1270E+07
  0.1265E+07
  0.1260E+07
  0.1255E+07
  0.1250E+07
  0.1246E+07
  0.1241E+07
  0.1236E+07
  0.1231E+07
  0.1226E+07
  0.1221E+07
  0.1216E+07
  0.1211E+07
  0.1207E+07
  0.1202E+07
  0.1197E+07
  0.1192E+07
  0.1188E+07
  0.1183E+07
  0.1178E+07
  0.1174E+07
  0.1170E+07
  0.1166E+07
  0.1162E+07
  0.1158E+07
  0.1154E+07
  0.1150E+07
  0.1146E+07
  0.1142E+07
  0.1138E+07
  0.1134E+07
  0.1130E+07
  0.1126E+07
  0.1122E+07
  0.1118E+07
  0.1114E+07
  0.1111E+07
  0.1107E+07
  0.1103E+07
  0.1099E+07
  0.1095E+07
  0.1091E+07
  0.1088E+07
  0.1084E+07
  0.1080E+07
  0.1076E+07
  0.1073E+07
  0.1069E+07
  0.1065E+07
  0.1062E+07
  0.1058E+07
  0.1054E+07
  0.1050E+07
  0.1047E+07
  0.1043E+07
  0.1039E+07
  0.1035E+07
  0.1031E+07
  0.1027E+07
  0.1024E+07
  0.1020E+07
  0.1016E+07
  0.1013E+07
  0.1009E+07
  0.1005E+07
  0.1001E+07
  0.9978E+06
  0.9942E+06
  0.9905E+06
  0.9869E+06
  0.9833E+06
  0.9797E+06
  0.9761E+06
  0.9726E+06
  0.9690E+06
  0.9655E+06
  0.9620E+06
  0.9585E+06
  0.9550E+06
  0.9515E+06
  0.9480E+06
  0.9446E+06
  0.9411E+06
  0.9377E+06
  0.9343E+06
  0.9309E+06
  0.9276E+06
  0.9243E+06
  0.9210E+06
  0.9177E+06
  0.9144E+06
  0.9113E+06
  0.9081E+06
  0.9050E+06
  0.9020E+06
  0.8991E+06
  0.8964E+06
  0.8938E+06
  0.8914E+06
  0.9299E+06
  0.1219E+07
  0.1599E+07
  0.2101E+07
  0.2764E+07
  0.3641E+07
  0.4802E+07
  0.6341E+07
  0.8385E+07
  0.1110E+08
  0.1472E+08
  0.1953E+08
  0.2596E+08
  0.3455E+08
  0.4602E+08
  0.6139E+08
  0.8199E+08
  0.1096E+09
  0.1468E+09
  0.1967E+09
  0.2638E+09
  0.3542E+09
  0.4761E+09
  0.6403E+09
  0.8617E+09
  0.1160E+10
  0.1562E+10
  0.2101E+10
  0.2825E+10
  0.3791E+10
  0.5072E+10
  0.6759E+10
  0.8952E+10
  0.1176E+11
  0.1526E+11
  0.1949E+11
  0.2439E+11
  0.2968E+11
  0.3489E+11
  0.3928E+11
  0.4201E+11
  0.4238E+11
  0.4018E+11
  0.3579E+11
  0.3011E+11
  0.2458E+11
  0.1964E+11
  0.1518E+11
  0.1180E+11
  0.9291E+10
  0.7432E+10
  0.6173E+10
  0.5002E+10
  0.4230E+10
  0.3421E+10
  0.2752E+10
  0.2239E+10
  0.1818E+10
  0.1524E+10
  0.1256E+10
  0.1054E+10
  0.8766E+09
  0.8305E+09
  0.8118E+09
  0.7703E+09
  0.7503E+09
  0.7104E+09
  0.6641E+09
  0.6277E+09
  0.6837E+09
  0.7769E+09
  0.8655E+09
  0.9455E+09
  0.1014E+10
  0.1067E+10
  0.1104E+10
  0.1123E+10
  0.1125E+10
  0.1111E+10
  0.1083E+10
  0.1043E+10
  0.9928E+09
  0.9360E+09
  0.8745E+09
  0.8106E+09
  0.7461E+09
  0.6824E+09
  0.6208E+09
  0.5620E+09
  0.5067E+09
  0.4552E+09
  0.4077E+09
  0.3642E+09
  0.3246E+09
  0.2888E+09
  0.2566E+09
  0.2277E+09
  0.2018E+09
  0.1787E+09
  0.1581E+09
  0.1399E+09
  0.1237E+09
  0.1094E+09
  0.9669E+08
  0.8549E+08
  0.7559E+08
  0.6685E+08
  0.5914E+08
  0.5235E+08
  0.4636E+08
  0.4108E+08
  0.3643E+08
  0.3234E+08
  0.2873E+08
  0.2556E+08
  0.2276E+08
  0.2030E+08
  0.1813E+08
  0.1623E+08
  0.1455E+08
  0.1307E+08
  0.1177E+08
  0.1063E+08
  0.9621E+07
  0.8734E+07
  0.7954E+07
  0.7268E+07
  0.6664E+07
  0.6132E+07
  0.5664E+07
  0.5253E+07
  0.4890E+07
  0.4571E+07
  0.4291E+07
  0.4044E+07
  0.3827E+07
  0.3636E+07
  0.3468E+07
  0.3320E+07
  0.3190E+07
  0.3076E+07
  0.2975E+07
  0.2887E+07
  0.2809E+07
  0.2741E+07
  0.2681E+07
  0.2629E+07
  0.2583E+07
  0.2542E+07
  0.2507E+07
  0.2476E+07
  0.2449E+07
  0.2425E+07
  0.2404E+07
  0.2386E+07
  0.2371E+07
  0.2357E+07
  0.2346E+07
  0.2335E+07
  0.2327E+07
  0.2319E+07
  0.2313E+07
  0.2308E+07
  0.2303E+07
  0.2300E+07
  0.2297E+07
  0.2295E+07
  0.2293E+07
  0.2292E+07
  0.2291E+07
  0.2290E+07
  0.2290E+07
  0.2291E+07
  0.2291E+07
  0.2292E+07
  0.2293E+07
  0.2294E+07
  0.2296E+07
  0.2297E+07
  0.2299E+07
  0.2301E+07
  0.2303E+07
  0.2305E+07
  0.2307E+07
  0.2309E+07
  0.2312E+07
  0.2314E+07
  0.2317E+07
  0.2320E+07
  0.2322E+07
  0.2325E+07
  0.2328E+07
  0.2331E+07
  0.2334E+07
  0.2337E+07
  0.2340E+07
  0.2344E+07
  0.2347E+07
  0.2350E+07
  0.2354E+07
  0.2357E+07
  0.2360E+07
  0.2364E+07
  0.2367E+07
  0.2371E+07
  0.2375E+07
  0.2378E+07
  0.2382E+07
  0.2386E+07
  0.2390E+07
  0.2394E+07
  0.2397E+07
  0.2401E+07
  0.2405E+07
  0.2409E+07
  0.2413E+07
  0.2418E+07
  0.2422E+07
  0.2426E+07
  0.2430E+07
  0.2434E+07
  0.2439E+07
  0.2443E+07
  0.2447E+07
  0.2452E+07
  0.2456E+07
  0.2461E+07
  0.2465E+07
  0.2470E+07
  0.2474E+07
  0.2479E+07
  0.2483E+07
  0.2488E+07
  0.2493E+07
  0.2497E+07
  0.2502E+07
  0.2507E+07
  0.2512E+07
  0.2517E+07
  0.2522E+07
  0.2526E+07
  0.2531E+07
  0.2536E+07
  0.2541E+07
  0.2547E+07
  0.2552E+07
  0.2557E+07
  0.2562E+07
  0.2567E+07
  0.2572E+07
  0.2577E+07
  0.2583E+07
  0.2588E+07
  0.2593E+07
  0.2599E+07
  0.2604E+07
  0.2609E+07
  0.2615E+07
  0.2620E+07
  0.2626E+07
  0.2631E+07
  0.2637E+07
  0.2643E+07
  0.2648E+07
  0.2654E+07
  0.2659E+07
  0.2665E+07
  0.2671E+07
  0.2677E+07
  0.2682E+07
  0.2688E+07
  0.2694E+07
  0.2700E+07
  0.2706E+07
  0.2712E+07
  0.2718E+07
  0.2724E+07
  0.2730E+07
  0.2736E+07
  0.2742E+07
  0.2748E+07
  0.2754E+07
  0.2760E+07
  0.2766E+07
  0.2772E+07
  0.2778E+07
  0.2785E+07
  0.2791E+07
  0.2797E+07
  0.2804E+07
  0.2810E+07
  0.2816E+07
  0.2823E+07
  0.2829E+07
  0.2835E+07
  0.2842E+07
  0.2848E+07
  0.2855E+07
  0.2861E+07
  0.2868E+07
  0.2875E+07
  0.2881E+07
  0.2888E+07
  0.2894E+07
  0.2901E+07
  0.2908E+07
  0.2915E+07
  0.2921E+07
  0.2928E+07
  0.2935E+07
  0.2942E+07
  0.2949E+07
  0.2955E+07
  0.2962E+07
  0.2969E+07
  0.2976E+07
  0.2983E+07
  0.2990E+07
  0.2998E+07
  0.3005E+07
  0.3399E+07
  0.3988E+07
  0.4688E+07
  0.5520E+07
  0.6511E+07
  0.7693E+07
  0.9105E+07
  0.1080E+08
  0.1282E+08
  0.1525E+08
  0.1818E+08
  0.2170E+08
  0.2595E+08
  0.3109E+08
  0.3730E+08
  0.4482E+08
  0.5396E+08
  0.6505E+08
  0.7856E+08
  0.9502E+08
  0.1151E+09
  0.1397E+09
  0.1697E+09
  0.2065E+09
  0.2516E+09
  0.3070E+09
  0.3751E+09
  0.4588E+09
  0.5619E+09
  0.6887E+09
  0.8448E+09
  0.1037E+10
  0.1273E+10
  0.1564E+10
  0.1920E+10
  0.2355E+10
  0.2886E+10
  0.3530E+10
  0.4307E+10
  0.5235E+10
  0.6334E+10
  0.7618E+10
  0.9091E+10
  0.1075E+11
  0.1255E+11
  0.1446E+11
  0.1637E+11
  0.1818E+11
  0.1973E+11
  0.2089E+11
  0.2151E+11
  0.2152E+11
  0.2090E+11
  0.1971E+11
  0.1808E+11
  0.1618E+11
  0.1415E+11
  0.1215E+11
  0.1027E+11
  0.8622E+10
  0.7194E+10
  0.5948E+10
  0.4881E+10
  0.3982E+10
  0.3234E+10
  0.2617E+10
  0.2110E+10
  0.1697E+10
  0.1362E+10
  0.1090E+10
  0.8707E+09
  0.7168E+09
  0.5988E+09
  0.4963E+09
  0.4365E+09
  0.4337E+09
  0.4232E+09
  0.4267E+09
  0.4812E+09
  0.5363E+09
  0.5905E+09
  0.6423E+09
  0.6900E+09
  0.7321E+09
  0.7673E+09
  0.7945E+09
  0.8130E+09
  0.8226E+09
  0.8234E+09
  0.8156E+09
  0.8001E+09
  0.7776E+09
  0.7493E+09
  0.7162E+09
  0.6794E+09
  0.6402E+09
  0.5994E+09
  0.5580E+09
  0.5167E+09
  0.4761E+09
  0.4369E+09
  0.3993E+09
  0.3637E+09
  0.3302E+09
  0.2990E+09
  0.2701E+09
  0.2435E+09
  0.2190E+09
  0.1968E+09
  0.1765E+09
  0.1582E+09
  0.1416E+09
  0.1268E+09
  0.1134E+09
  0.1014E+09
  0.9071E+08
  0.8116E+08
  0.7264E+08
  0.6507E+08
  0.5835E+08
  0.5237E+08
  0.4708E+08
  0.4239E+08
  0.3824E+08
  0.3457E+08
  0.3132E+08
  0.2846E+08
  0.2593E+08
  0.2370E+08
  0.2173E+08
  0.1999E+08
  0.1846E+08
  0.1711E+08
  0.1593E+08
  0.1488E+08
  0.1396E+08
  0.1316E+08
  0.1244E+08
  0.1182E+08
  0.1127E+08
  0.1079E+08
  0.1037E+08
  0.9995E+07
  0.9670E+07
  0.9385E+07
  0.9136E+07
  0.8917E+07
  0.8727E+07
  0.8560E+07
  0.8415E+07
  0.8289E+07
  0.8179E+07
  0.8084E+07
  0.8002E+07
  0.7931E+07
  0.7871E+07
  0.7819E+07
  0.7774E+07
  0.7737E+07
  0.7705E+07
  0.7679E+07
  0.7658E+07
  0.7640E+07
  0.7626E+07
  0.7616E+07
  0.7608E+07
  0.7603E+07
  0.7600E+07
  0.7599E+07
  0.7599E+07
  0.7601E+07
  0.7605E+07
  0.7609E+07
  0.7615E+07
  0.7622E+07
  0.7629E+07
  0.7637E+07
  0.7646E+07
  0.7655E+07
  0.7665E+07
  0.7676E+07
  0.7686E+07
  0.7698E+07
  0.7709E+07
  0.7721E+07
  0.7733E+07
  0.7745E+07
  0.7757E+07
  0.7770E+07
  0.7783E+07
  0.7796E+07
  0.7809E+07
  0.7822E+07
  0.7835E+07
  0.7849E+07
  0.7862E+07
  0.7876E+07
  0.7890E+07
  0.7903E+07
  0.7917E+07
  0.7931E+07
  0.7945E+07
  0.7959E+07
  0.7973E+07
  0.7988E+07
  0.8002E+07
  0.8016E+07
  0.8030E+07
  0.8045E+07
  0.8059E+07
  0.8073E+07
  0.8088E+07
  0.8102E+07
  0.8117E+07
  0.8131E+07
  0.8146E+07
  0.8161E+07
  0.8175E+07
  0.8190E+07
  0.8205E+07
  0.8219E+07
  0.8234E+07
  0.8249E+07
  0.8264E+07
  0.8279E+07
  0.8294E+07
  0.8308E+07
  0.8323E+07
  0.8338E+07
  0.8353E+07
  0.8368E+07
  0.8383E+07
  0.8398E+07
  0.8413E+07
  0.8428E+07
  0.8444E+07
  0.8459E+07
  0.8474E+07
  0.8489E+07
  0.8504E+07
  0.8519E+07
  0.8535E+07
  0.8550E+07
  0.8565E+07
  0.8580E+07
  0.8596E+07
  0.8611E+07
  0.8626E+07
  0.8642E+07
  0.8657E+07
  0.8673E+07
  0.8688E+07
  0.8703E+07
  0.8719E+07
  0.8734E+07
  0.8750E+07
  0.8765E+07
  0.8781E+07
  0.8797E+07
  0.8812E+07
  0.8828E+07
  0.8843E+07
  0.8859E+07
  0.8875E+07
  0.8890E+07
  0.8906E+07
  0.8922E+07
  0.8938E+07
  0.8954E+07
  0.8969E+07
  0.8985E+07
  0.9001E+07
  0.9017E+07
  0.9033E+07
  0.9049E+07
  0.9065E+07
  0.9081E+07
  0.9097E+07
  0.9114E+07
  0.9130E+07
  0.9146E+07
  0.9163E+07
  0.9438E+07
  0.1091E+08
  0.1262E+08
  0.1464E+08
  0.1701E+08
  0.1979E+08
  0.2307E+08
  0.2694E+08
  0.3151E+08
  0.3691E+08
  0.4332E+08
  0.5093E+08
  0.5998E+08
  0.7074E+08
  0.8358E+08
  0.9890E+08
  0.1172E+09
  0.1391E+09
  0.1654E+09
  0.1969E+09
  0.2348E+09
  0.2803E+09
  0.3351E+09
  0.4011E+09
  0.4807E+09
  0.5767E+09
  0.6925E+09
  0.8322E+09
  0.1001E+10
  0.1204E+10
  0.1449E+10
  0.1743E+10
  0.2096E+10
  0.2518E+10
  0.3020E+10
  0.3616E+10
  0.4317E+10
  0.5134E+10
  0.6078E+10
  0.7153E+10
  0.8356E+10
  0.9676E+10
  0.1108E+11
  0.1254E+11
  0.1398E+11
  0.1532E+11
  0.1648E+11
  0.1736E+11
  0.1788E+11
  0.1798E+11
  0.1765E+11
  0.1691E+11
  0.1584E+11
  0.1451E+11
  0.1303E+11
  0.1151E+11
  0.1001E+11
  0.8594E+10
  0.7304E+10
  0.6173E+10
  0.5202E+10
  0.4354E+10
  0.3624E+10
  0.3003E+10
  0.2479E+10
  0.2040E+10
  0.1673E+10
  0.1369E+10
  0.1118E+10
  0.9111E+09
  0.7410E+09
  0.6016E+09
  0.4877E+09
  0.3948E+09
  0.3631E+09
  0.4052E+09
  0.4522E+09
  0.5000E+09
  0.5472E+09
  0.5927E+09
  0.6352E+09
  0.6735E+09
  0.7065E+09
  0.7333E+09
  0.7533E+09
  0.7659E+09
  0.7711E+09
  0.7690E+09
  0.7600E+09
  0.7446E+09
  0.7237E+09
  0.6980E+09
  0.6683E+09
  0.6357E+09
  0.6010E+09
  0.5648E+09
  0.5281E+09
  0.4914E+09
  0.4553E+09
  0.4201E+09
  0.3863E+09
  0.3541E+09
  0.3237E+09
  0.2951E+09
  0.2685E+09
  0.2438E+09
  0.2211E+09
  0.2003E+09
  0.1812E+09
  0.1639E+09
  0.1482E+09
  0.1339E+09
  0.1211E+09
  0.1096E+09
  0.9919E+08
  0.8990E+08
  0.8159E+08
  0.7416E+08
  0.6755E+08
  0.6166E+08
  0.5642E+08
  0.5176E+08
  0.4763E+08
  0.4397E+08
  0.4072E+08
  0.3785E+08
  0.3531E+08
  0.3306E+08
  0.3108E+08
  0.2933E+08
  0.2779E+08
  0.2642E+08
  0.2522E+08
  0.2417E+08
  0.2324E+08
  0.2242E+08
  0.2170E+08
  0.2107E+08
  0.2051E+08
  0.2002E+08
  0.1960E+08
  0.1922E+08
  0.1890E+08
  0.1861E+08
  0.1836E+08
  0.1814E+08
  0.1795E+08
  0.1779E+08
  0.1764E+08
  0.1752E+08
  0.1741E+08
  0.1732E+08
  0.1724E+08
  0.1718E+08
  0.1712E+08
  0.1707E+08
  0.1703E+08
  0.1700E+08
  0.1698E+08
  0.1695E+08
  0.1694E+08
  0.1693E+08
  0.1692E+08
  0.1691E+08
  0.1691E+08
  0.1691E+08
  0.1692E+08
  0.1692E+08
  0.1693E+08
  0.1694E+08
  0.1695E+08
  0.1696E+08
  0.1697E+08
  0.1698E+08
  0.1700E+08
  0.1701E+08
  0.1703E+08
  0.1704E+08
  0.1706E+08
  0.1708E+08
  0.1709E+08
  0.1711E+08
  0.1713E+08
  0.1715E+08
  0.1717E+08
  0.1719E+08
  0.1720E+08
  0.1722E+08
  0.1724E+08
  0.1726E+08
  0.1728E+08
  0.1730E+08
  0.1732E+08
  0.1734E+08
  0.1736E+08
  0.1738E+08
  0.1740E+08
  0.1742E+08
  0.1744E+08
  0.1746E+08
  0.1748E+08
  0.1750E+08
  0.1752E+08
  0.1755E+08
  0.1757E+08
  0.1759E+08
  0.1761E+08
  0.1763E+08
  0.1765E+08
  0.1767E+08
  0.1769E+08
  0.1771E+08
  0.1773E+08
  0.1775E+08
  0.1777E+08
  0.1780E+08
  0.1782E+08
  0.1784E+08
  0.1786E+08
  0.1788E+08
  0.1790E+08
  0.1792E+08
  0.1794E+08
  0.1797E+08
  0.1799E+08
  0.1801E+08
  0.1803E+08
  0.1805E+08
  0.1807E+08
  0.1809E+08
  0.1811E+08
  0.1814E+08
  0.1816E+08
  0.1818E+08
  0.1820E+08
  0.1822E+08
  0.1824E+08
  0.1826E+08
  0.1829E+08
  0.1831E+08
  0.1833E+08
  0.1835E+08
  0.1837E+08
  0.1839E+08
  0.1842E+08
  0.1844E+08
  0.1846E+08
  0.1848E+08
  0.1850E+08
  0.1852E+08
  0.1855E+08
  0.1857E+08
  0.1859E+08
  0.1861E+08
  0.1863E+08
  0.1865E+08
  0.1868E+08
  0.1870E+08
  0.1872E+08
  0.1874E+08
  0.1876E+08
  0.1879E+08
  0.1881E+08
  0.1883E+08
  0.1885E+08
  0.1888E+08
  0.1890E+08
  0.1892E+08
  0.1894E+08
  0.1896E+08
  0.1899E+08
  0.1901E+08
  0.1903E+08
  0.1906E+08
  0.1908E+08
  0.1910E+08
  0.2082E+08
  0.2405E+08
  0.2783E+08
  0.3226E+08
  0.3746E+08
  0.4357E+08
  0.5076E+08
  0.5922E+08
  0.6922E+08
  0.8102E+08
  0.9499E+08
  0.1115E+09
  0.1312E+09
  0.1545E+09
  0.1822E+09
  0.2152E+09
  0.2546E+09
  0.3015E+09
  0.3575E+09
  0.4245E+09
  0.5045E+09
  0.6003E+09
  0.7148E+09
  0.8518E+09
  0.1016E+10
  0.1211E+10
  0.1445E+10
  0.1723E+10
  0.2054E+10
  0.2446E+10
  0.2909E+10
  0.3453E+10
  0.4087E+10
  0.4820E+10
  0.5661E+10
  0.6611E+10
  0.7669E+10
  0.8824E+10
  0.1006E+11
  0.1133E+11
  0.1260E+11
  0.1380E+11
  0.1485E+11
  0.1570E+11
  0.1626E+11
  0.1649E+11
  0.1635E+11
  0.1587E+11
  0.1507E+11
  0.1402E+11
  0.1279E+11
  0.1148E+11
  0.1014E+11
  0.8849E+10
  0.7634E+10
  0.6526E+10
  0.5536E+10
  0.4693E+10
  0.3957E+10
  0.3319E+10
  0.2771E+10
  0.2306E+10
  0.1912E+10
  0.1582E+10
  0.1305E+10
  0.1074E+10
  0.8826E+09
  0.7238E+09
  0.5927E+09
  0.4846E+09
  0.3957E+09
  0.3930E+09
  0.4368E+09
  0.4816E+09
  0.5263E+09
  0.5699E+09
  0.6112E+09
  0.6491E+09
  0.6827E+09
  0.7110E+09
  0.7332E+09
  0.7490E+09
  0.7579E+09
  0.7601E+09
  0.7557E+09
  0.7450E+09
  0.7288E+09
  0.7075E+09
  0.6821E+09
  0.6533E+09
  0.6218E+09
  0.5886E+09
  0.5542E+09
  0.5193E+09
  0.4845E+09
  0.4502E+09
  0.4169E+09
  0.3848E+09
  0.3543E+09
  0.3254E+09
  0.2982E+09
  0.2728E+09
  0.2493E+09
  0.2276E+09
  0.2076E+09
  0.1893E+09
  0.1726E+09
  0.1575E+09
  0.1437E+09
  0.1313E+09
  0.1201E+09
  0.1100E+09
  0.1010E+09
  0.9291E+08
  0.8566E+08
  0.7919E+08
  0.7342E+08
  0.6828E+08
  0.6371E+08
  0.5965E+08
  0.5604E+08
  0.5285E+08
  0.5001E+08
  0.4751E+08
  0.4529E+08
  0.4333E+08
  0.4159E+08
  0.4006E+08
  0.3872E+08
  0.3753E+08
  0.3648E+08
  0.3556E+08
  0.3475E+08
  0.3403E+08
  0.3341E+08
  0.3286E+08
  0.3238E+08
  0.3195E+08
  0.3159E+08
  0.3126E+08
  0.3098E+08
  0.3074E+08
  0.3052E+08
  0.3034E+08
  0.3018E+08
  0.3004E+08
  0.2992E+08
  0.2982E+08
  0.2973E+08
  0.2966E+08
  0.2960E+08
  0.2955E+08
  0.2950E+08
  0.2947E+08
  0.2944E+08
  0.2942E+08
  0.2941E+08
  0.2940E+08
  0.2939E+08
  0.2939E+08
  0.2939E+08
  0.2939E+08
  0.2940E+08
  0.2941E+08
  0.2942E+08
  0.2943E+08
  0.2944E+08
  0.2946E+08
  0.2948E+08
  0.2949E+08
  0.2951E+08
  0.2953E+08
  0.2955E+08
  0.2957E+08
  0.2960E+08
  0.2962E+08
  0.2964E+08
  0.2966E+08
  0.2969E+08
  0.2971E+08
  0.2974E+08
  0.2976E+08
  0.2978E+08
  0.2981E+08
  0.2983E+08
  0.2986E+08
  0.2989E+08
  0.2991E+08
  0.2994E+08
  0.2996E+08
  0.2999E+08
  0.3002E+08
  0.3004E+08
  0.3007E+08
  0.3009E+08
  0.3012E+08
  0.3015E+08
  0.3017E+08
  0.3020E+08
  0.3023E+08
  0.3025E+08
  0.3028E+08
  0.3031E+08
  0.3033E+08
  0.3036E+08
  0.3039E+08
  0.3042E+08
  0.3044E+08
  0.3047E+08
  0.3050E+08
  0.3052E+08
  0.3055E+08
  0.3058E+08
  0.3061E+08
  0.3063E+08
  0.3066E+08
  0.3069E+08
  0.3072E+08
  0.3074E+08
  0.3077E+08
  0.3080E+08
  0.3083E+08
  0.3086E+08
  0.3088E+08
  0.3091E+08
  0.3094E+08
  0.3097E+08
  0.3099E+08
  0.3102E+08
  0.3105E+08
  0.3108E+08
  0.3111E+08
  0.3113E+08
  0.3116E+08
  0.3119E+08
  0.3122E+08
  0.3125E+08
  0.3127E+08
  0.3130E+08
  0.3133E+08
  0.3136E+08
  0.3139E+08
  0.3142E+08
  0.3144E+08
  0.3147E+08
  0.3150E+08
  0.3153E+08
  0.3156E+08
  0.3159E+08
  0.3162E+08
  0.3164E+08
  0.3167E+08
  0.3170E+08
  0.3173E+08
  0.3176E+08
  0.3179E+08
  0.3182E+08
  0.3185E+08
  0.3188E+08
  0.3190E+08
  0.3193E+08
  0.3196E+08
  0.3199E+08
  0.3202E+08
  0.3205E+08
  0.3208E+08
  0.3211E+08
  0.3214E+08
  0.3217E+08
  0.3220E+08
  0.3223E+08
  0.3226E+08
  0.3230E+08
  0.3233E+08
  0.3595E+08
  0.4156E+08
  0.4813E+08
  0.5582E+08
  0.6484E+08
  0.7544E+08
  0.8790E+08
  0.1026E+09
  0.1199E+09
  0.1403E+09
  0.1645E+09
  0.1931E+09
  0.2269E+09
  0.2671E+09
  0.3147E+09
  0.3713E+09
  0.4386E+09
  0.5186E+09
  0.6138E+09
  0.7270E+09
  0.8617E+09
  0.1022E+10
  0.1212E+10
  0.1438E+10
  0.1705E+10
  0.2021E+10
  0.2394E+10
  0.2831E+10
  0.3341E+10
  0.3933E+10
  0.4614E+10
  0.5391E+10
  0.6265E+10
  0.7234E+10
  0.8290E+10
  0.9414E+10
  0.1058E+11
  0.1174E+11
  0.1285E+11
  0.1384E+11
  0.1465E+11
  0.1523E+11
  0.1551E+11
  0.1548E+11
  0.1514E+11
  0.1450E+11
  0.1362E+11
  0.1255E+11
  0.1138E+11
  0.1016E+11
  0.8957E+10
  0.7805E+10
  0.6736E+10
  0.5766E+10
  0.4902E+10
  0.4166E+10
  0.3522E+10
  0.2965E+10
  0.2485E+10
  0.2076E+10
  0.1730E+10
  0.1437E+10
  0.1191E+10
  0.9851E+09
  0.8133E+09
  0.6703E+09
  0.5517E+09
  0.4534E+09
  0.3939E+09
  0.4358E+09
  0.4788E+09
  0.5220E+09
  0.5643E+09
  0.6048E+09
  0.6424E+09
  0.6762E+09
  0.7053E+09
  0.7289E+09
  0.7464E+09
  0.7577E+09
  0.7625E+09
  0.7609E+09
  0.7533E+09
  0.7400E+09
  0.7217E+09
  0.6991E+09
  0.6728E+09
  0.6437E+09
  0.6124E+09
  0.5796E+09
  0.5460E+09
  0.5122E+09
  0.4787E+09
  0.4458E+09
  0.4139E+09
  0.3833E+09
  0.3542E+09
  0.3267E+09
  0.3008E+09
  0.2768E+09
  0.2544E+09
  0.2338E+09
  0.2148E+09
  0.1975E+09
  0.1816E+09
  0.1672E+09
  0.1542E+09
  0.1423E+09
  0.1317E+09
  0.1221E+09
  0.1135E+09
  0.1058E+09
  0.9886E+08
  0.9268E+08
  0.8717E+08
  0.8226E+08
  0.7789E+08
  0.7400E+08
  0.7055E+08
  0.6749E+08
  0.6478E+08
  0.6238E+08
  0.6025E+08
  0.5837E+08
  0.5671E+08
  0.5525E+08
  0.5396E+08
  0.5282E+08
  0.5182E+08
  0.5094E+08
  0.5016E+08
  0.4948E+08
  0.4889E+08
  0.4836E+08
  0.4791E+08
  0.4751E+08
  0.4716E+08
  0.4686E+08
  0.4659E+08
  0.4636E+08
  0.4617E+08
  0.4600E+08
  0.4585E+08
  0.4573E+08
  0.4562E+08
  0.4553E+08
  0.4546E+08
  0.4539E+08
  0.4534E+08
  0.4530E+08
  0.4527E+08
  0.4525E+08
  0.4523E+08
  0.4522E+08
  0.4521E+08
  0.4521E+08
  0.4522E+08
  0.4522E+08
  0.4523E+08
  0.4525E+08
  0.4526E+08
  0.4528E+08
  0.4530E+08
  0.4532E+08
  0.4535E+08
  0.4537E+08
  0.4540E+08
  0.4543E+08
  0.4545E+08
  0.4548E+08
  0.4551E+08
  0.4554E+08
  0.4557E+08
  0.4561E+08
  0.4564E+08
  0.4567E+08
  0.4570E+08
  0.4574E+08
  0.4577E+08
  0.4580E+08
  0.4584E+08
  0.4587E+08
  0.4591E+08
  0.4594E+08
  0.4598E+08
  0.4601E+08
  0.4605E+08
  0.4608E+08
  0.4612E+08
  0.4615E+08
  0.4619E+08
  0.4623E+08
  0.4626E+08
  0.4630E+08
  0.4633E+08
  0.4637E+08
  0.4641E+08
  0.4644E+08
  0.4648E+08
  0.4652E+08
  0.4655E+08
  0.4659E+08
  0.4663E+08
  0.4667E+08
  0.4670E+08
  0.4674E+08
  0.4678E+08
  0.4681E+08
  0.4685E+08
  0.4689E+08
  0.4693E+08
  0.4696E+08
  0.4700E+08
  0.4704E+08
  0.4708E+08
  0.4711E+08
  0.4715E+08
  0.4719E+08
  0.4723E+08
  0.4726E+08
  0.4730E+08
  0.4734E+08
  0.4738E+08
  0.4742E+08
  0.4745E+08
  0.4749E+08
  0.4753E+08
  0.4757E+08
  0.4761E+08
  0.4765E+08
  0.4768E+08
  0.4772E+08
  0.4776E+08
  0.4780E+08
  0.4784E+08
  0.4788E+08
  0.4792E+08
  0.4796E+08
  0.4799E+08
  0.4803E+08
  0.4807E+08
  0.4811E+08
  0.4815E+08
  0.4819E+08
  0.4823E+08
  0.4827E+08
  0.4831E+08
  0.4835E+08
  0.4839E+08
  0.4843E+08
  0.4847E+08
  0.4850E+08
  0.4854E+08
  0.4858E+08
  0.4862E+08
  0.4866E+08
  0.4870E+08
  0.4874E+08
  0.4879E+08
  0.4883E+08
  0.4887E+08
  0.4891E+08
  0.4895E+08
  0.4899E+08
  0.4903E+08
  0.4907E+08
  0.4911E+08
  0.4916E+08
  0.4920E+08
  0.4924E+08
  0.4928E+08
  0.4933E+08
  0.4937E+08
  0.5097E+08
  0.5891E+08
  0.6819E+08
  0.7906E+08
  0.9179E+08
  0.1067E+09
  0.1243E+09
  0.1449E+09
  0.1692E+09
  0.1979E+09
  0.2317E+09
  0.2717E+09
  0.3189E+09
  0.3748E+09
  0.4409E+09
  0.5192E+09
  0.6120E+09
  0.7220E+09
  0.8522E+09
  0.1006E+10
  0.1189E+10
  0.1404E+10
  0.1659E+10
  0.1958E+10
  0.2309E+10
  0.2720E+10
  0.3197E+10
  0.3749E+10
  0.4383E+10
  0.5102E+10
  0.5911E+10
  0.6808E+10
  0.7784E+10
  0.8825E+10
  0.9906E+10
  0.1099E+11
  0.1204E+11
  0.1300E+11
  0.1380E+11
  0.1441E+11
  0.1476E+11
  0.1483E+11
  0.1461E+11
  0.1411E+11
  0.1337E+11
  0.1244E+11
  0.1139E+11
  0.1027E+11
  0.9132E+10
  0.8028E+10
  0.6987E+10
  0.6029E+10
  0.5165E+10
  0.4397E+10
  0.3743E+10
  0.3171E+10
  0.2675E+10
  0.2249E+10
  0.1884E+10
  0.1574E+10
  0.1312E+10
  0.1091E+10
  0.9058E+09
  0.7506E+09
  0.6210E+09
  0.5130E+09
  0.4234E+09
  0.4387E+09
  0.4803E+09
  0.5223E+09
  0.5638E+09
  0.6039E+09
  0.6415E+09
  0.6758E+09
  0.7059E+09
  0.7310E+09
  0.7505E+09
  0.7641E+09
  0.7715E+09
  0.7727E+09
  0.7679E+09
  0.7575E+09
  0.7420E+09
  0.7220E+09
  0.6981E+09
  0.6711E+09
  0.6416E+09
  0.6104E+09
  0.5780E+09
  0.5451E+09
  0.5121E+09
  0.4796E+09
  0.4478E+09
  0.4171E+09
  0.3877E+09
  0.3598E+09
  0.3335E+09
  0.3088E+09
  0.2858E+09
  0.2645E+09
  0.2449E+09
  0.2268E+09
  0.2103E+09
  0.1952E+09
  0.1814E+09
  0.1690E+09
  0.1577E+09
  0.1476E+09
  0.1385E+09
  0.1302E+09
  0.1229E+09
  0.1163E+09
  0.1104E+09
  0.1051E+09
  0.1005E+09
  0.9628E+08
  0.9257E+08
  0.8928E+08
  0.8636E+08
  0.8377E+08
  0.8148E+08
  0.7945E+08
  0.7766E+08
  0.7608E+08
  0.7469E+08
  0.7346E+08
  0.7238E+08
  0.7143E+08
  0.7059E+08
  0.6986E+08
  0.6922E+08
  0.6866E+08
  0.6817E+08
  0.6774E+08
  0.6737E+08
  0.6705E+08
  0.6677E+08
  0.6653E+08
  0.6633E+08
  0.6615E+08
  0.6600E+08
  0.6587E+08
  0.6577E+08
  0.6568E+08
  0.6561E+08
  0.6555E+08
  0.6551E+08
  0.6547E+08
  0.6545E+08
  0.6543E+08
  0.6542E+08
  0.6542E+08
  0.6543E+08
  0.6544E+08
  0.6545E+08
  0.6547E+08
  0.6549E+08
  0.6552E+08
  0.6554E+08
  0.6557E+08
  0.6561E+08
  0.6564E+08
  0.6568E+08
  0.6572E+08
  0.6576E+08
  0.6580E+08
  0.6584E+08
  0.6588E+08
  0.6592E+08
  0.6597E+08
  0.6601E+08
  0.6606E+08
  0.6611E+08
  0.6615E+08
  0.6620E+08
  0.6625E+08
  0.6630E+08
  0.6634E+08
  0.6639E+08
  0.6644E+08
  0.6649E+08
  0.6654E+08
  0.6659E+08
  0.6664E+08
  0.6669E+08
  0.6674E+08
  0.6679E+08
  0.6684E+08
  0.6689E+08
  0.6694E+08
  0.6699E+08
  0.6704E+08
  0.6710E+08
  0.6715E+08
  0.6720E+08
  0.6725E+08
  0.6730E+08
  0.6735E+08
  0.6740E+08
  0.6746E+08
  0.6751E+08
  0.6756E+08
  0.6761E+08
  0.6766E+08
  0.6772E+08
  0.6777E+08
  0.6782E+08
  0.6787E+08
  0.6793E+08
  0.6798E+08
  0.6803E+08
  0.6809E+08
  0.6814E+08
  0.6819E+08
  0.6824E+08
  0.6830E+08
  0.6835E+08
  0.6840E+08
  0.6846E+08
  0.6851E+08
  0.6857E+08
  0.6862E+08
  0.6867E+08
  0.6873E+08
  0.6878E+08
  0.6883E+08
  0.6889E+08
  0.6894E+08
  0.6900E+08
  0.6905E+08
  0.6910E+08
  0.6916E+08
  0.6921E+08
  0.6927E+08
  0.6932E+08
  0.6938E+08
  0.6943E+08
  0.6949E+08
  0.6954E+08
  0.6960E+08
  0.6965E+08
  0.6971E+08
  0.6976E+08
  0.6982E+08
  0.6987E+08
  0.6993E+08
  0.6998E+08
  0.7004E+08
  0.7009E+08
  0.7015E+08
  0.7021E+08
  0.7026E+08
  0.7032E+08
  0.7038E+08
  0.7043E+08
  0.7049E+08
  0.7055E+08
  0.7060E+08
  0.7066E+08
  0.7072E+08
  0.7077E+08
  0.7083E+08
  0.7089E+08
  0.7095E+08
  0.7101E+08
  0.7106E+08
  0.7112E+08
  0.7118E+08
  0.7124E+08
  0.7130E+08
  0.7136E+08
  0.7142E+08
  0.7149E+08
  0.7155E+08
  0.7915E+08
  0.9160E+08
  0.1062E+09
  0.1232E+09
  0.1432E+09
  0.1667E+09
  0.1943E+09
  0.2267E+09
  0.2649E+09
  0.3098E+09
  0.3629E+09
  0.4254E+09
  0.4993E+09
  0.5865E+09
  0.6894E+09
  0.8110E+09
  0.9544E+09
  0.1124E+10
  0.1323E+10
  0.1557E+10
  0.1833E+10
  0.2155E+10
  0.2530E+10
  0.2967E+10
  0.3471E+10
  0.4048E+10
  0.4705E+10
  0.5444E+10
  0.6265E+10
  0.7163E+10
  0.8127E+10
  0.9137E+10
  0.1017E+11
  0.1118E+11
  0.1212E+11
  0.1296E+11
  0.1362E+11
  0.1407E+11
  0.1428E+11
  0.1421E+11
  0.1388E+11
  0.1331E+11
  0.1253E+11
  0.1160E+11
  0.1058E+11
  0.9510E+10
  0.8444E+10
  0.7418E+10
  0.6456E+10
  0.5575E+10
  0.4782E+10
  0.4078E+10
  0.3476E+10
  0.2951E+10
  0.2495E+10
  0.2103E+10
  0.1766E+10
  0.1480E+10
  0.1237E+10
  0.1032E+10
  0.8590E+09
  0.7140E+09
  0.5926E+09
  0.4912E+09
  0.4406E+09
  0.4807E+09
  0.5217E+09
  0.5626E+09
  0.6026E+09
  0.6408E+09
  0.6762E+09
  0.7080E+09
  0.7354E+09
  0.7577E+09
  0.7744E+09
  0.7853E+09
  0.7901E+09
  0.7891E+09
  0.7823E+09
  0.7703E+09
  0.7536E+09
  0.7326E+09
  0.7082E+09
  0.6809E+09
  0.6514E+09
  0.6204E+09
  0.5885E+09
  0.5562E+09
  0.5239E+09
  0.4922E+09
  0.4613E+09
  0.4315E+09
  0.4030E+09
  0.3760E+09
  0.3505E+09
  0.3266E+09
  0.3044E+09
  0.2838E+09
  0.2647E+09
  0.2473E+09
  0.2313E+09
  0.2167E+09
  0.2034E+09
  0.1914E+09
  0.1805E+09
  0.1707E+09
  0.1618E+09
  0.1538E+09
  0.1467E+09
  0.1403E+09
  0.1346E+09
  0.1295E+09
  0.1250E+09
  0.1209E+09
  0.1173E+09
  0.1141E+09
  0.1113E+09
  0.1088E+09
  0.1066E+09
  0.1046E+09
  0.1029E+09
  0.1014E+09
  0.1000E+09
  0.9885E+08
  0.9781E+08
  0.9690E+08
  0.9611E+08
  0.9541E+08
  0.9480E+08
  0.9427E+08
  0.9381E+08
  0.9341E+08
  0.9307E+08
  0.9278E+08
  0.9252E+08
  0.9231E+08
  0.9213E+08
  0.9197E+08
  0.9185E+08
  0.9174E+08
  0.9166E+08
  0.9159E+08
  0.9154E+08
  0.9151E+08
  0.9148E+08
  0.9147E+08
  0.9147E+08
  0.9147E+08
  0.9149E+08
  0.9151E+08
  0.9153E+08
  0.9156E+08
  0.9160E+08
  0.9164E+08
  0.9168E+08
  0.9173E+08
  0.9177E+08
  0.9183E+08
  0.9188E+08
  0.9194E+08
  0.9199E+08
  0.9205E+08
  0.9211E+08
  0.9217E+08
  0.9224E+08
  0.9230E+08
  0.9236E+08
  0.9243E+08
  0.9249E+08
  0.9256E+08
  0.9263E+08
  0.9270E+08
  0.9276E+08
  0.9283E+08
  0.9290E+08
  0.9297E+08
  0.9304E+08
  0.9311E+08
  0.9318E+08
  0.9325E+08
  0.9332E+08
  0.9339E+08
  0.9346E+08
  0.9354E+08
  0.9361E+08
  0.9368E+08
  0.9375E+08
  0.9382E+08
  0.9390E+08
  0.9397E+08
  0.9404E+08
  0.9411E+08
  0.9419E+08
  0.9426E+08
  0.9433E+08
  0.9441E+08
  0.9448E+08
  0.9455E+08
  0.9463E+08
  0.9470E+08
  0.9477E+08
  0.9485E+08
  0.9492E+08
  0.9500E+08
  0.9507E+08
  0.9514E+08
  0.9522E+08
  0.9529E+08
  0.9537E+08
  0.9544E+08
  0.9552E+08
  0.9559E+08
  0.9567E+08
  0.9574E+08
  0.9582E+08
  0.9589E+08
  0.9597E+08
  0.9605E+08
  0.9612E+08
  0.9620E+08
  0.9627E+08
  0.9635E+08
  0.9642E+08
  0.9650E+08
  0.9658E+08
  0.9665E+08
  0.9673E+08
  0.9681E+08
  0.9688E+08
  0.9696E+08
  0.9704E+08
  0.9711E+08
  0.9719E+08
  0.9727E+08
  0.9735E+08
  0.9742E+08
  0.9750E+08
  0.9758E+08
  0.9766E+08
  0.9773E+08
  0.9781E+08
  0.9789E+08
  0.9797E+08
  0.9805E+08
  0.9812E+08
  0.9820E+08
  0.9828E+08
  0.9836E+08
  0.9844E+08
  0.9852E+08
  0.9860E+08
  0.9868E+08
  0.9876E+08
  0.9884E+08
  0.9892E+08
  0.9900E+08
  0.9908E+08
  0.9916E+08
  0.9924E+08
  0.9932E+08
  0.9940E+08
  0.9948E+08
  0.9957E+08
  0.9965E+08
  0.9973E+08
  0.9981E+08
  0.9990E+08
  0.9998E+08
  0.1001E+09
  0.1002E+09
  0.1002E+09
  0.1003E+09
  0.1004E+09
  0.1024E+09
  0.1185E+09
  0.1373E+09
  0.1593E+09
  0.1850E+09
  0.2153E+09
  0.2507E+09
  0.2924E+09
  0.3414E+09
  0.3990E+09
  0.4668E+09
  0.5466E+09
  0.6406E+09
  0.7513E+09
  0.8816E+09
  0.1035E+10
  0.1215E+10
  0.1427E+10
  0.1674E+10
  0.1964E+10
  0.2302E+10
  0.2693E+10
  0.3145E+10
  0.3665E+10
  0.4256E+10
  0.4923E+10
  0.5668E+10
  0.6489E+10
  0.7377E+10
  0.8319E+10
  0.9294E+10
  0.1027E+11
  0.1121E+11
  0.1208E+11
  0.1282E+11
  0.1338E+11
  0.1373E+11
  0.1384E+11
  0.1369E+11
  0.1331E+11
  0.1270E+11
  0.1191E+11
  0.1100E+11
  0.1001E+11
  0.8990E+10
  0.7980E+10
  0.7012E+10
  0.6108E+10
  0.5281E+10
  0.4537E+10
  0.3876E+10
  0.3307E+10
  0.2814E+10
  0.2384E+10
  0.2014E+10
  0.1696E+10
  0.1424E+10
  0.1193E+10
  0.9980E+09
  0.8331E+09
  0.6944E+09
  0.5779E+09
  0.4804E+09
  0.4838E+09
  0.5236E+09
  0.5638E+09
  0.6038E+09
  0.6425E+09
  0.6792E+09
  0.7130E+09
  0.7429E+09
  0.7684E+09
  0.7888E+09
  0.8036E+09
  0.8127E+09
  0.8160E+09
  0.8136E+09
  0.8058E+09
  0.7929E+09
  0.7755E+09
  0.7542E+09
  0.7296E+09
  0.7024E+09
  0.6731E+09
  0.6425E+09
  0.6111E+09
  0.5793E+09
  0.5477E+09
  0.5166E+09
  0.4864E+09
  0.4572E+09
  0.4294E+09
  0.4030E+09
  0.3781E+09
  0.3547E+09
  0.3330E+09
  0.3129E+09
  0.2943E+09
  0.2772E+09
  0.2616E+09
  0.2473E+09
  0.2343E+09
  0.2225E+09
  0.2119E+09
  0.2022E+09
  0.1936E+09
  0.1858E+09
  0.1788E+09
  0.1725E+09
  0.1669E+09
  0.1619E+09
  0.1575E+09
  0.1535E+09
  0.1500E+09
  0.1469E+09
  0.1441E+09
  0.1416E+09
  0.1395E+09
  0.1376E+09
  0.1359E+09
  0.1344E+09
  0.1331E+09
  0.1319E+09
  0.1309E+09
  0.1301E+09
  0.1293E+09
  0.1286E+09
  0.1281E+09
  0.1276E+09
  0.1271E+09
  0.1268E+09
  0.1265E+09
  0.1262E+09
  0.1260E+09
  0.1258E+09
  0.1256E+09
  0.1255E+09
  0.1254E+09
  0.1253E+09
  0.1253E+09
  0.1252E+09
  0.1252E+09
  0.1252E+09
  0.1252E+09
  0.1252E+09
  0.1253E+09
  0.1253E+09
  0.1253E+09
  0.1254E+09
  0.1254E+09
  0.1255E+09
  0.1256E+09
  0.1256E+09
  0.1257E+09
  0.1258E+09
  0.1258E+09
  0.1259E+09
  0.1260E+09
  0.1261E+09
  0.1262E+09
  0.1263E+09
  0.1264E+09
  0.1264E+09
  0.1265E+09
  0.1266E+09
  0.1267E+09
  0.1268E+09
  0.1269E+09
  0.1270E+09
  0.1271E+09
  0.1272E+09
  0.1273E+09
  0.1274E+09
  0.1275E+09
  0.1276E+09
  0.1277E+09
  0.1278E+09
  0.1279E+09
  0.1280E+09
  0.1281E+09
  0.1282E+09
  0.1283E+09
  0.1284E+09
  0.1285E+09
  0.1286E+09
  0.1287E+09
  0.1288E+09
  0.1289E+09
  0.1290E+09
  0.1291E+09
  0.1292E+09
  0.1293E+09
  0.1294E+09
  0.1295E+09
  0.1296E+09
  0.1297E+09
  0.1298E+09
  0.1299E+09
  0.1300E+09
  0.1301E+09
  0.1302E+09
  0.1303E+09
  0.1305E+09
  0.1306E+09
  0.1307E+09
  0.1308E+09
  0.1309E+09
  0.1310E+09
  0.1311E+09
  0.1312E+09
  0.1313E+09
  0.1314E+09
  0.1315E+09
  0.1316E+09
  0.1317E+09
  0.1318E+09
  0.1319E+09
  0.1320E+09
  0.1321E+09
  0.1322E+09
  0.1324E+09
  0.1325E+09
  0.1326E+09
  0.1327E+09
  0.1328E+09
  0.1329E+09
  0.1330E+09
  0.1331E+09
  0.1332E+09
  0.1333E+09
  0.1334E+09
  0.1335E+09
  0.1336E+09
  0.1338E+09
  0.1339E+09
  0.1340E+09
  0.1341E+09
  0.1342E+09
  0.1343E+09
  0.1344E+09
  0.1345E+09
  0.1346E+09
  0.1347E+09
  0.1348E+09
  0.1350E+09
  0.1351E+09
  0.1352E+09
  0.1353E+09
  0.1354E+09
  0.1355E+09
  0.1356E+09
  0.1357E+09
  0.1358E+09
  0.1360E+09
  0.1361E+09
  0.1362E+09
  0.1363E+09
  0.1364E+09
  0.1365E+09
  0.1366E+09
  0.1368E+09
  0.1369E+09
  0.1370E+09
  0.1371E+09
  0.1372E+09
  0.1373E+09
  0.1374E+09
  0.1376E+09
  0.1377E+09
  0.1378E+09
  0.1379E+09
  0.1380E+09
  0.1382E+09
  0.1383E+09
  0.1498E+09
  0.1736E+09
  0.2014E+09
  0.2339E+09
  0.2720E+09
  0.3166E+09
  0.3690E+09
  0.4305E+09
  0.5028E+09
  0.5876E+09
  0.6873E+09
  0.8044E+09
  0.9419E+09
  0.1103E+10
  0.1292E+10
  0.1513E+10
  0.1772E+10
  0.2072E+10
  0.2422E+10
  0.2825E+10
  0.3289E+10
  0.3818E+10
  0.4418E+10
  0.5091E+10
  0.5836E+10
  0.6651E+10
  0.7526E+10
  0.8445E+10
  0.9385E+10
  0.1032E+11
  0.1120E+11
  0.1200E+11
  0.1266E+11
  0.1314E+11
  0.1341E+11
  0.1345E+11
  0.1326E+11
  0.1283E+11
  0.1221E+11
  0.1143E+11
  0.1053E+11
  0.9573E+10
  0.8592E+10
  0.7628E+10
  0.6706E+10
  0.5847E+10
  0.5061E+10
  0.4354E+10
  0.3726E+10
  0.3183E+10
  0.2712E+10
  0.2303E+10
  0.1949E+10
  0.1644E+10
  0.1384E+10
  0.1162E+10
  0.9743E+09
  0.8152E+09
  0.6810E+09
  0.5682E+09
  0.4950E+09
  0.5334E+09
  0.5727E+09
  0.6124E+09
  0.6514E+09
  0.6891E+09
  0.7246E+09
  0.7570E+09
  0.7855E+09
  0.8094E+09
  0.8283E+09
  0.8418E+09
  0.8496E+09
  0.8518E+09
  0.8484E+09
  0.8399E+09
  0.8264E+09
  0.8087E+09
  0.7872E+09
  0.7626E+09
  0.7355E+09
  0.7066E+09
  0.6763E+09
  0.6453E+09
  0.6141E+09
  0.5830E+09
  0.5525E+09
  0.5228E+09
  0.4942E+09
  0.4669E+09
  0.4410E+09
  0.4166E+09
  0.3937E+09
  0.3724E+09
  0.3526E+09
  0.3344E+09
  0.3176E+09
  0.3023E+09
  0.2883E+09
  0.2755E+09
  0.2639E+09
  0.2534E+09
  0.2440E+09
  0.2355E+09
  0.2278E+09
  0.2209E+09
  0.2148E+09
  0.2093E+09
  0.2044E+09
  0.2000E+09
  0.1961E+09
  0.1927E+09
  0.1896E+09
  0.1869E+09
  0.1845E+09
  0.1824E+09
  0.1805E+09
  0.1789E+09
  0.1774E+09
  0.1762E+09
  0.1751E+09
  0.1741E+09
  0.1733E+09
  0.1726E+09
  0.1720E+09
  0.1714E+09
  0.1710E+09
  0.1706E+09
  0.1702E+09
  0.1700E+09
  0.1697E+09
  0.1696E+09
  0.1694E+09
  0.1693E+09
  0.1692E+09
  0.1691E+09
  0.1691E+09
  0.1691E+09
  0.1691E+09
  0.1691E+09
  0.1691E+09
  0.1692E+09
  0.1692E+09
  0.1693E+09
  0.1694E+09
  0.1695E+09
  0.1695E+09
  0.1696E+09
  0.1697E+09
  0.1698E+09
  0.1699E+09
  0.1701E+09
  0.1702E+09
  0.1703E+09
  0.1704E+09
  0.1705E+09
  0.1707E+09
  0.1708E+09
  0.1709E+09
  0.1710E+09
  0.1712E+09
  0.1713E+09
  0.1714E+09
  0.1716E+09
  0.1717E+09
  0.1718E+09
  0.1720E+09
  0.1721E+09
  0.1722E+09
  0.1724E+09
  0.1725E+09
  0.1726E+09
  0.1728E+09
  0.1729E+09
  0.1731E+09
  0.1732E+09
  0.1733E+09
  0.1735E+09
  0.1736E+09
  0.1738E+09
  0.1739E+09
  0.1741E+09
  0.1742E+09
  0.1743E+09
  0.1745E+09
  0.1746E+09
  0.1748E+09
  0.1749E+09
  0.1751E+09
  0.1752E+09
  0.1753E+09
  0.1755E+09
  0.1756E+09
  0.1758E+09
  0.1759E+09
  0.1761E+09
  0.1762E+09
  0.1764E+09
  0.1765E+09
  0.1766E+09
  0.1768E+09
  0.1769E+09
  0.1771E+09
  0.1772E+09
  0.1774E+09
  0.1775E+09
  0.1777E+09
  0.1778E+09
  0.1780E+09
  0.1781E+09
  0.1783E+09
  0.1784E+09
  0.1786E+09
  0.1787E+09
  0.1789E+09
  0.1790E+09
  0.1792E+09
  0.1793E+09
  0.1794E+09
  0.1796E+09
  0.1797E+09
  0.1799E+09
  0.1800E+09
  0.1802E+09
  0.1803E+09
  0.1805E+09
  0.1806E+09
  0.1808E+09
  0.1809E+09
  0.1811E+09
  0.1813E+09
  0.1814E+09
  0.1816E+09
  0.1817E+09
  0.1819E+09
  0.1820E+09
  0.1822E+09
  0.1823E+09
  0.1825E+09
  0.1826E+09
  0.1828E+09
  0.1829E+09
  0.1831E+09
  0.1832E+09
  0.1834E+09
  0.1835E+09
  0.1837E+09
  0.1839E+09
  0.1840E+09
  0.1842E+09
  0.1843E+09
  0.1845E+09
  0.1846E+09
  0.1848E+09
  0.1849E+09
  0.1851E+09
  0.1853E+09
  0.1854E+09
  0.1856E+09
  0.1857E+09
  0.1859E+09
  0.1861E+09
  0.1862E+09
  0.1864E+09
  0.1865E+09
  0.1867E+09
  0.1869E+09
  0.1870E+09
  0.1872E+09
  0.1874E+09
  0.1875E+09
  0.1877E+09
  0.1879E+09
  0.1880E+09
  0.2175E+09
  0.2523E+09
  0.2930E+09
  0.3406E+09
  0.3963E+09
  0.4617E+09
  0.5383E+09
  0.6281E+09
  0.7334E+09
  0.8568E+09
  0.1001E+10
  0.1171E+10
  0.1368E+10
  0.1599E+10
  0.1867E+10
  0.2179E+10
  0.2539E+10
  0.2954E+10
  0.3429E+10
  0.3968E+10
  0.4576E+10
  0.5254E+10
  0.6000E+10
  0.6809E+10
  0.7671E+10
  0.8568E+10
  0.9476E+10
  0.1036E+11
  0.1119E+11
  0.1193E+11
  0.1252E+11
  0.1293E+11
  0.1313E+11
  0.1311E+11
  0.1287E+11
  0.1241E+11
  0.1177E+11
  0.1099E+11
  0.1011E+11
  0.9178E+10
  0.8233E+10
  0.7308E+10
  0.6427E+10
  0.5607E+10
  0.4858E+10
  0.4184E+10
  0.3586E+10
  0.3065E+10
  0.2616E+10
  0.2225E+10
  0.1886E+10
  0.1594E+10
  0.1344E+10
  0.1131E+10
  0.9497E+09
  0.7962E+09
  0.6666E+09
  0.5573E+09
  0.5568E+09
  0.5950E+09
  0.6340E+09
  0.6730E+09
  0.7112E+09
  0.7479E+09
  0.7821E+09
  0.8132E+09
  0.8403E+09
  0.8628E+09
  0.8803E+09
  0.8925E+09
  0.8991E+09
  0.9002E+09
  0.8959E+09
  0.8865E+09
  0.8726E+09
  0.8545E+09
  0.8328E+09
  0.8082E+09
  0.7812E+09
  0.7525E+09
  0.7226E+09
  0.6921E+09
  0.6613E+09
  0.6308E+09
  0.6008E+09
  0.5717E+09
  0.5436E+09
  0.5169E+09
  0.4915E+09
  0.4676E+09
  0.4452E+09
  0.4243E+09
  0.4050E+09
  0.3871E+09
  0.3707E+09
  0.3556E+09
  0.3419E+09
  0.3294E+09
  0.3181E+09
  0.3078E+09
  0.2986E+09
  0.2902E+09
  0.2827E+09
  0.2760E+09
  0.2700E+09
  0.2646E+09
  0.2598E+09
  0.2556E+09
  0.2518E+09
  0.2484E+09
  0.2454E+09
  0.2428E+09
  0.2405E+09
  0.2385E+09
  0.2367E+09
  0.2351E+09
  0.2337E+09
  0.2325E+09
  0.2315E+09
  0.2306E+09
  0.2298E+09
  0.2292E+09
  0.2286E+09
  0.2281E+09
  0.2277E+09
  0.2274E+09
  0.2271E+09
  0.2269E+09
  0.2267E+09
  0.2266E+09
  0.2265E+09
  0.2264E+09
  0.2264E+09
  0.2264E+09
  0.2264E+09
  0.2265E+09
  0.2265E+09
  0.2266E+09
  0.2267E+09
  0.2268E+09
  0.2269E+09
  0.2270E+09
  0.2271E+09
  0.2273E+09
  0.2274E+09
  0.2275E+09
  0.2277E+09
  0.2278E+09
  0.2280E+09
  0.2282E+09
  0.2283E+09
  0.2285E+09
  0.2287E+09
  0.2289E+09
  0.2290E+09
  0.2292E+09
  0.2294E+09
  0.2296E+09
  0.2298E+09
  0.2300E+09
  0.2301E+09
  0.2303E+09
  0.2305E+09
  0.2307E+09
  0.2309E+09
  0.2311E+09
  0.2313E+09
  0.2315E+09
  0.2317E+09
  0.2319E+09
  0.2321E+09
  0.2322E+09
  0.2324E+09
  0.2326E+09
  0.2328E+09
  0.2330E+09
  0.2332E+09
  0.2334E+09
  0.2336E+09
  0.2338E+09
  0.2340E+09
  0.2342E+09
  0.2344E+09
  0.2346E+09
  0.2348E+09
  0.2350E+09
  0.2352E+09
  0.2354E+09
  0.2356E+09
  0.2358E+09
  0.2360E+09
  0.2362E+09
  0.2364E+09
  0.2366E+09
  0.2368E+09
  0.2370E+09
  0.2372E+09
  0.2374E+09
  0.2376E+09
  0.2378E+09
  0.2380E+09
  0.2382E+09
  0.2384E+09
  0.2386E+09
  0.2389E+09
  0.2391E+09
  0.2393E+09
  0.2395E+09
  0.2397E+09
  0.2399E+09
  0.2401E+09
  0.2403E+09
  0.2405E+09
  0.2407E+09
  0.2409E+09
  0.2411E+09
  0.2413E+09
  0.2415E+09
  0.2417E+09
  0.2419E+09
  0.2422E+09
  0.2424E+09
  0.2426E+09
  0.2428E+09
  0.2430E+09
  0.2432E+09
  0.2434E+09
  0.2436E+09
  0.2438E+09
  0.2440E+09
  0.2443E+09
  0.2445E+09
  0.2447E+09
  0.2449E+09
  0.2451E+09
  0.2453E+09
  0.2455E+09
  0.2457E+09
  0.2459E+09
  0.2462E+09
  0.2464E+09
  0.2466E+09
  0.2468E+09
  0.2470E+09
  0.2472E+09
  0.2474E+09
  0.2477E+09
  0.2479E+09
  0.2481E+09
  0.2483E+09
  0.2485E+09
  0.2487E+09
  0.2490E+09
  0.2492E+09
  0.2494E+09
  0.2496E+09
  0.2498E+09
  0.2501E+09
  0.2503E+09
  0.2505E+09
  0.2507E+09
  0.2509E+09
  0.2512E+09
  0.2514E+09
  0.2516E+09
  0.2518E+09
  0.2521E+09
  0.2523E+09
  0.2525E+09
  0.2528E+09
  0.2530E+09
  0.2532E+09
  0.2535E+09
  0.2732E+09
  0.3169E+09
  0.3680E+09
  0.4277E+09
  0.4976E+09
  0.5793E+09
  0.6750E+09
  0.7870E+09
  0.9179E+09
  0.1071E+10
  0.1250E+10
  0.1458E+10
  0.1700E+10
  0.1981E+10
  0.2307E+10
  0.2681E+10
  0.3111E+10
  0.3600E+10
  0.4153E+10
  0.4773E+10
  0.5459E+10
  0.6209E+10
  0.7016E+10
  0.7867E+10
  0.8744E+10
  0.9619E+10
  0.1046E+11
  0.1124E+11
  0.1190E+11
  0.1242E+11
  0.1275E+11
  0.1288E+11
  0.1279E+11
  0.1248E+11
  0.1198E+11
  0.1132E+11
  0.1054E+11
  0.9668E+10
  0.8760E+10
  0.7847E+10
  0.6958E+10
  0.6117E+10
  0.5336E+10
  0.4625E+10
  0.3986E+10
  0.3419E+10
  0.2924E+10
  0.2499E+10
  0.2127E+10
  0.1805E+10
  0.1528E+10
  0.1291E+10
  0.1088E+10
  0.9148E+09
  0.7682E+09
  0.6442E+09
  0.6004E+09
  0.6374E+09
  0.6754E+09
  0.7140E+09
  0.7523E+09
  0.7896E+09
  0.8251E+09
  0.8581E+09
  0.8876E+09
  0.9131E+09
  0.9340E+09
  0.9498E+09
  0.9603E+09
  0.9654E+09
  0.9651E+09
  0.9596E+09
  0.9493E+09
  0.9346E+09
  0.9159E+09
  0.8939E+09
  0.8691E+09
  0.8421E+09
  0.8136E+09
  0.7839E+09
  0.7538E+09
  0.7235E+09
  0.6935E+09
  0.6642E+09
  0.6357E+09
  0.6083E+09
  0.5822E+09
  0.5574E+09
  0.5341E+09
  0.5123E+09
  0.4920E+09
  0.4732E+09
  0.4558E+09
  0.4399E+09
  0.4253E+09
  0.4119E+09
  0.3998E+09
  0.3888E+09
  0.3789E+09
  0.3699E+09
  0.3618E+09
  0.3546E+09
  0.3481E+09
  0.3423E+09
  0.3371E+09
  0.3325E+09
  0.3284E+09
  0.3248E+09
  0.3216E+09
  0.3187E+09
  0.3162E+09
  0.3140E+09
  0.3121E+09
  0.3104E+09
  0.3090E+09
  0.3077E+09
  0.3066E+09
  0.3057E+09
  0.3049E+09
  0.3042E+09
  0.3036E+09
  0.3031E+09
  0.3027E+09
  0.3024E+09
  0.3022E+09
  0.3020E+09
  0.3018E+09
  0.3017E+09
  0.3017E+09
  0.3017E+09
  0.3017E+09
  0.3017E+09
  0.3018E+09
  0.3019E+09
  0.3020E+09
  0.3021E+09
  0.3023E+09
  0.3024E+09
  0.3026E+09
  0.3028E+09
  0.3030E+09
  0.3032E+09
  0.3034E+09
  0.3036E+09
  0.3038E+09
  0.3040E+09
  0.3043E+09
  0.3045E+09
  0.3048E+09
  0.3050E+09
  0.3052E+09
  0.3055E+09
  0.3057E+09
  0.3060E+09
  0.3062E+09
  0.3065E+09
  0.3068E+09
  0.3070E+09
  0.3073E+09
  0.3075E+09
  0.3078E+09
  0.3081E+09
  0.3083E+09
  0.3086E+09
  0.3089E+09
  0.3091E+09
  0.3094E+09
  0.3097E+09
  0.3099E+09
  0.3102E+09
  0.3105E+09
  0.3108E+09
  0.3110E+09
  0.3113E+09
  0.3116E+09
  0.3118E+09
  0.3121E+09
  0.3124E+09
  0.3127E+09
  0.3129E+09
  0.3132E+09
  0.3135E+09
  0.3138E+09
  0.3140E+09
  0.3143E+09
  0.3146E+09
  0.3149E+09
  0.3152E+09
  0.3154E+09
  0.3157E+09
  0.3160E+09
  0.3163E+09
  0.3166E+09
  0.3168E+09
  0.3171E+09
  0.3174E+09
  0.3177E+09
  0.3180E+09
  0.3182E+09
  0.3185E+09
  0.3188E+09
  0.3191E+09
  0.3194E+09
  0.3197E+09
  0.3199E+09
  0.3202E+09
  0.3205E+09
  0.3208E+09
  0.3211E+09
  0.3214E+09
  0.3217E+09
  0.3219E+09
  0.3222E+09
  0.3225E+09
  0.3228E+09
  0.3231E+09
  0.3234E+09
  0.3237E+09
  0.3240E+09
  0.3242E+09
  0.3245E+09
  0.3248E+09
  0.3251E+09
  0.3254E+09
  0.3257E+09
  0.3260E+09
  0.3263E+09
  0.3266E+09
  0.3269E+09
  0.3272E+09
  0.3274E+09
  0.3277E+09
  0.3280E+09
  0.3283E+09
  0.3286E+09
  0.3289E+09
  0.3292E+09
  0.3295E+09
  0.3298E+09
  0.3301E+09
  0.3304E+09
  0.3307E+09
  0.3310E+09
  0.3313E+09
  0.3316E+09
  0.3319E+09
  0.3322E+09
  0.3325E+09
  0.3328E+09
  0.3331E+09
  0.3334E+09
  0.3337E+09
  0.3340E+09
  0.3343E+09
  0.3346E+09
  0.3349E+09
  0.3352E+09
  0.3355E+09
  0.3358E+09
  0.3361E+09
  0.3364E+09
  0.3367E+09
  0.3370E+09
  0.3374E+09
  0.3377E+09
  0.3380E+09
  0.3383E+09
  0.3386E+09
  0.3389E+09
  0.3393E+09
  0.3396E+09
  0.3399E+09
  0.3402E+09
  0.3465E+09
  0.4020E+09
  0.4667E+09
  0.5424E+09
  0.6308E+09
  0.7340E+09
  0.8547E+09
  0.9954E+09
  0.1160E+10
  0.1351E+10
  0.1573E+10
  0.1831E+10
  0.2129E+10
  0.2473E+10
  0.2867E+10
  0.3317E+10
  0.3826E+10
  0.4399E+10
  0.5036E+10
  0.5737E+10
  0.6496E+10
  0.7303E+10
  0.8145E+10
  0.9000E+10
  0.9839E+10
  0.1063E+11
  0.1134E+11
  0.1192E+11
  0.1235E+11
  0.1259E+11
  0.1262E+11
  0.1245E+11
  0.1207E+11
  0.1152E+11
  0.1083E+11
  0.1003E+11
  0.9168E+10
  0.8281E+10
  0.7399E+10
  0.6550E+10
  0.5750E+10
  0.5012E+10
  0.4342E+10
  0.3742E+10
  0.3210E+10
  0.2748E+10
  0.2349E+10
  0.2001E+10
  0.1700E+10
  0.1440E+10
  0.1217E+10
  0.1027E+10
  0.8648E+09
  0.7272E+09
  0.6712E+09
  0.7069E+09
  0.7440E+09
  0.7819E+09
  0.8200E+09
  0.8576E+09
  0.8939E+09
  0.9280E+09
  0.9593E+09
  0.9870E+09
  0.1010E+10
  0.1029E+10
  0.1043E+10
  0.1051E+10
  0.1055E+10
  0.1052E+10
  0.1045E+10
  0.1034E+10
  0.1018E+10
  0.9981E+09
  0.9755E+09
  0.9503E+09
  0.9232E+09
  0.8947E+09
  0.8653E+09
  0.8356E+09
  0.8058E+09
  0.7765E+09
  0.7478E+09
  0.7201E+09
  0.6934E+09
  0.6681E+09
  0.6442E+09
  0.6216E+09
  0.6006E+09
  0.5810E+09
  0.5629E+09
  0.5462E+09
  0.5309E+09
  0.5169E+09
  0.5041E+09
  0.4925E+09
  0.4820E+09
  0.4725E+09
  0.4640E+09
  0.4563E+09
  0.4494E+09
  0.4432E+09
  0.4377E+09
  0.4329E+09
  0.4285E+09
  0.4247E+09
  0.4213E+09
  0.4183E+09
  0.4156E+09
  0.4133E+09
  0.4113E+09
  0.4096E+09
  0.4081E+09
  0.4067E+09
  0.4056E+09
  0.4047E+09
  0.4039E+09
  0.4032E+09
  0.4026E+09
  0.4022E+09
  0.4018E+09
  0.4016E+09
  0.4014E+09
  0.4012E+09
  0.4012E+09
  0.4011E+09
  0.4011E+09
  0.4012E+09
  0.4013E+09
  0.4014E+09
  0.4016E+09
  0.4017E+09
  0.4019E+09
  0.4022E+09
  0.4024E+09
  0.4026E+09
  0.4029E+09
  0.4032E+09
  0.4035E+09
  0.4038E+09
  0.4041E+09
  0.4044E+09
  0.4047E+09
  0.4050E+09
  0.4054E+09
  0.4057E+09
  0.4060E+09
  0.4064E+09
  0.4067E+09
  0.4071E+09
  0.4074E+09
  0.4078E+09
  0.4081E+09
  0.4085E+09
  0.4089E+09
  0.4092E+09
  0.4096E+09
  0.4099E+09
  0.4103E+09
  0.4107E+09
  0.4111E+09
  0.4114E+09
  0.4118E+09
  0.4122E+09
  0.4125E+09
  0.4129E+09
  0.4133E+09
  0.4137E+09
  0.4140E+09
  0.4144E+09
  0.4148E+09
  0.4152E+09
  0.4155E+09
  0.4159E+09
  0.4163E+09
  0.4167E+09
  0.4171E+09
  0.4174E+09
  0.4178E+09
  0.4182E+09
  0.4186E+09
  0.4190E+09
  0.4194E+09
  0.4197E+09
  0.4201E+09
  0.4205E+09
  0.4209E+09
  0.4213E+09
  0.4217E+09
  0.4221E+09
  0.4225E+09
  0.4228E+09
  0.4232E+09
  0.4236E+09
  0.4240E+09
  0.4244E+09
  0.4248E+09
  0.4252E+09
  0.4256E+09
  0.4260E+09
  0.4264E+09
  0.4268E+09
  0.4271E+09
  0.4275E+09
  0.4279E+09
  0.4283E+09
  0.4287E+09
  0.4291E+09
  0.4295E+09
  0.4299E+09
  0.4303E+09
  0.4307E+09
  0.4311E+09
  0.4315E+09
  0.4319E+09
  0.4323E+09
  0.4327E+09
  0.4331E+09
  0.4335E+09
  0.4339E+09
  0.4343E+09
  0.4347E+09
  0.4351E+09
  0.4355E+09
  0.4359E+09
  0.4363E+09
  0.4367E+09
  0.4371E+09
  0.4375E+09
  0.4379E+09
  0.4383E+09
  0.4388E+09
  0.4392E+09
  0.4396E+09
  0.4400E+09
  0.4404E+09
  0.4408E+09
  0.4412E+09
  0.4416E+09
  0.4420E+09
  0.4424E+09
  0.4429E+09
  0.4433E+09
  0.4437E+09
  0.4441E+09
  0.4445E+09
  0.4449E+09
  0.4453E+09
  0.4458E+09
  0.4462E+09
  0.4466E+09
  0.4470E+09
  0.4474E+09
  0.4478E+09
  0.4483E+09
  0.4487E+09
  0.4491E+09
  0.4495E+09
  0.4500E+09
  0.4504E+09
  0.4508E+09
  0.4512E+09
  0.4517E+09
  0.4521E+09
  0.4525E+09
  0.4530E+09
  0.4534E+09
  0.4538E+09
  0.4543E+09
  0.4547E+09
  0.4552E+09
  0.4556E+09
  0.4561E+09
  0.4565E+09
  0.5172E+09
  0.6005E+09
  0.6976E+09
  0.8110E+09
  0.9431E+09
  0.1097E+10
  0.1276E+10
  0.1484E+10
  0.1725E+10
  0.2004E+10
  0.2325E+10
  0.2693E+10
  0.3114E+10
  0.3591E+10
  0.4128E+10
  0.4727E+10
  0.5388E+10
  0.6108E+10
  0.6878E+10
  0.7688E+10
  0.8518E+10
  0.9345E+10
  0.1014E+11
  0.1087E+11
  0.1149E+11
  0.1197E+11
  0.1229E+11
  0.1241E+11
  0.1234E+11
  0.1206E+11
  0.1160E+11
  0.1099E+11
  0.1026E+11
  0.9444E+10
  0.8589E+10
  0.7724E+10
  0.6877E+10
  0.6070E+10
  0.5318E+10
  0.4628E+10
  0.4005E+10
  0.3449E+10
  0.2957E+10
  0.2533E+10
  0.2165E+10
  0.1845E+10
  0.1567E+10
  0.1329E+10
  0.1124E+10
  0.9489E+09
  0.7999E+09
  0.7775E+09
  0.8122E+09
  0.8485E+09
  0.8858E+09
  0.9236E+09
  0.9612E+09
  0.9978E+09
  0.1033E+10
  0.1065E+10
  0.1094E+10
  0.1120E+10
  0.1141E+10
  0.1157E+10
  0.1168E+10
  0.1173E+10
  0.1174E+10
  0.1170E+10
  0.1160E+10
  0.1147E+10
  0.1130E+10
  0.1109E+10
  0.1085E+10
  0.1060E+10
  0.1032E+10
  0.1004E+10
  0.9747E+09
  0.9454E+09
  0.9163E+09
  0.8876E+09
  0.8598E+09
  0.8330E+09
  0.8073E+09
  0.7830E+09
  0.7600E+09
  0.7385E+09
  0.7185E+09
  0.6998E+09
  0.6826E+09
  0.6668E+09
  0.6523E+09
  0.6391E+09
  0.6271E+09
  0.6162E+09
  0.6063E+09
  0.5974E+09
  0.5894E+09
  0.5823E+09
  0.5759E+09
  0.5701E+09
  0.5651E+09
  0.5606E+09
  0.5566E+09
  0.5531E+09
  0.5500E+09
  0.5473E+09
  0.5450E+09
  0.5429E+09
  0.5412E+09
  0.5397E+09
  0.5384E+09
  0.5373E+09
  0.5364E+09
  0.5356E+09
  0.5350E+09
  0.5346E+09
  0.5342E+09
  0.5339E+09
  0.5337E+09
  0.5336E+09
  0.5336E+09
  0.5336E+09
  0.5337E+09
  0.5338E+09
  0.5340E+09
  0.5342E+09
  0.5345E+09
  0.5347E+09
  0.5350E+09
  0.5354E+09
  0.5357E+09
  0.5361E+09
  0.5365E+09
  0.5369E+09
  0.5373E+09
  0.5377E+09
  0.5381E+09
  0.5386E+09
  0.5390E+09
  0.5395E+09
  0.5399E+09
  0.5404E+09
  0.5409E+09
  0.5414E+09
  0.5418E+09
  0.5423E+09
  0.5428E+09
  0.5433E+09
  0.5438E+09
  0.5443E+09
  0.5448E+09
  0.5453E+09
  0.5458E+09
  0.5463E+09
  0.5468E+09
  0.5473E+09
  0.5479E+09
  0.5484E+09
  0.5489E+09
  0.5494E+09
  0.5499E+09
  0.5504E+09
  0.5510E+09
  0.5515E+09
  0.5520E+09
  0.5525E+09
  0.5530E+09
  0.5536E+09
  0.5541E+09
  0.5546E+09
  0.5551E+09
  0.5557E+09
  0.5562E+09
  0.5567E+09
  0.5573E+09
  0.5578E+09
  0.5583E+09
  0.5588E+09
  0.5594E+09
  0.5599E+09
  0.5604E+09
  0.5610E+09
  0.5615E+09
  0.5620E+09
  0.5626E+09
  0.5631E+09
  0.5637E+09
  0.5642E+09
  0.5647E+09
  0.5653E+09
  0.5658E+09
  0.5664E+09
  0.5669E+09
  0.5674E+09
  0.5680E+09
  0.5685E+09
  0.5691E+09
  0.5696E+09
  0.5702E+09
  0.5707E+09
  0.5713E+09
  0.5718E+09
  0.5723E+09
  0.5729E+09
  0.5734E+09
  0.5740E+09
  0.5745E+09
  0.5751E+09
  0.5756E+09
  0.5762E+09
  0.5768E+09
  0.5773E+09
  0.5779E+09
  0.5784E+09
  0.5790E+09
  0.5795E+09
  0.5801E+09
  0.5806E+09
  0.5812E+09
  0.5818E+09
  0.5823E+09
  0.5829E+09
  0.5834E+09
  0.5840E+09
  0.5846E+09
  0.5851E+09
  0.5857E+09
  0.5862E+09
  0.5868E+09
  0.5874E+09
  0.5879E+09
  0.5885E+09
  0.5891E+09
  0.5896E+09
  0.5902E+09
  0.5908E+09
  0.5914E+09
  0.5919E+09
  0.5925E+09
  0.5931E+09
  0.5936E+09
  0.5942E+09
  0.5948E+09
  0.5954E+09
  0.5959E+09
  0.5965E+09
  0.5971E+09
  0.5977E+09
  0.5983E+09
  0.5988E+09
  0.5994E+09
  0.6000E+09
  0.6006E+09
  0.6012E+09
  0.6018E+09
  0.6023E+09
  0.6029E+09
  0.6035E+09
  0.6041E+09
  0.6047E+09
  0.6053E+09
  0.6059E+09
  0.6065E+09
  0.6071E+09
  0.6077E+09
  0.6083E+09
  0.6089E+09
  0.6095E+09
  0.6101E+09
  0.6108E+09
  0.6114E+09
  0.6120E+09
  0.6126E+09
  0.6756E+09
  0.7842E+09
  0.9107E+09
  0.1058E+10
  0.1229E+10
  0.1427E+10
  0.1657E+10
  0.1923E+10
  0.2228E+10
  0.2579E+10
  0.2979E+10
  0.3434E+10
  0.3945E+10
  0.4517E+10
  0.5149E+10
  0.5838E+10
  0.6579E+10
  0.7361E+10
  0.8168E+10
  0.8979E+10
  0.9766E+10
  0.1050E+11
  0.1114E+11
  0.1166E+11
  0.1202E+11
  0.1220E+11
  0.1219E+11
  0.1198E+11
  0.1159E+11
  0.1104E+11
  0.1037E+11
  0.9598E+10
  0.8775E+10
  0.7930E+10
  0.7094E+10
  0.6289E+10
  0.5532E+10
  0.4832E+10
  0.4196E+10
  0.3625E+10
  0.3117E+10
  0.2672E+10
  0.2290E+10
  0.1956E+10
  0.1666E+10
  0.1416E+10
  0.1200E+10
  0.1015E+10
  0.8988E+09
  0.9308E+09
  0.9648E+09
  0.1000E+10
  0.1037E+10
  0.1075E+10
  0.1112E+10
  0.1149E+10
  0.1184E+10
  0.1217E+10
  0.1247E+10
  0.1274E+10
  0.1296E+10
  0.1314E+10
  0.1327E+10
  0.1335E+10
  0.1337E+10
  0.1335E+10
  0.1328E+10
  0.1316E+10
  0.1301E+10
  0.1282E+10
  0.1260E+10
  0.1235E+10
  0.1209E+10
  0.1181E+10
  0.1153E+10
  0.1124E+10
  0.1095E+10
  0.1067E+10
  0.1039E+10
  0.1013E+10
  0.9869E+09
  0.9624E+09
  0.9393E+09
  0.9175E+09
  0.8972E+09
  0.8784E+09
  0.8609E+09
  0.8448E+09
  0.8301E+09
  0.8166E+09
  0.8044E+09
  0.7932E+09
  0.7832E+09
  0.7741E+09
  0.7660E+09
  0.7587E+09
  0.7522E+09
  0.7464E+09
  0.7413E+09
  0.7368E+09
  0.7328E+09
  0.7293E+09
  0.7262E+09
  0.7236E+09
  0.7213E+09
  0.7193E+09
  0.7176E+09
  0.7162E+09
  0.7150E+09
  0.7140E+09
  0.7133E+09
  0.7126E+09
  0.7122E+09
  0.7118E+09
  0.7116E+09
  0.7115E+09
  0.7114E+09
  0.7115E+09
  0.7116E+09
  0.7118E+09
  0.7121E+09
  0.7124E+09
  0.7127E+09
  0.7131E+09
  0.7135E+09
  0.7140E+09
  0.7145E+09
  0.7150E+09
  0.7155E+09
  0.7161E+09
  0.7167E+09
  0.7172E+09
  0.7178E+09
  0.7185E+09
  0.7191E+09
  0.7197E+09
  0.7204E+09
  0.7210E+09
  0.7217E+09
  0.7223E+09
  0.7230E+09
  0.7237E+09
  0.7244E+09
  0.7251E+09
  0.7258E+09
  0.7264E+09
  0.7271E+09
  0.7278E+09
  0.7285E+09
  0.7292E+09
  0.7300E+09
  0.7307E+09
  0.7314E+09
  0.7321E+09
  0.7328E+09
  0.7335E+09
  0.7342E+09
  0.7350E+09
  0.7357E+09
  0.7364E+09
  0.7371E+09
  0.7378E+09
  0.7386E+09
  0.7393E+09
  0.7400E+09
  0.7408E+09
  0.7415E+09
  0.7422E+09
  0.7430E+09
  0.7437E+09
  0.7444E+09
  0.7452E+09
  0.7459E+09
  0.7466E+09
  0.7474E+09
  0.7481E+09
  0.7488E+09
  0.7496E+09
  0.7503E+09
  0.7511E+09
  0.7518E+09
  0.7526E+09
  0.7533E+09
  0.7541E+09
  0.7548E+09
  0.7556E+09
  0.7563E+09
  0.7571E+09
  0.7578E+09
  0.7586E+09
  0.7593E+09
  0.7601E+09
  0.7608E+09
  0.7616E+09
  0.7623E+09
  0.7631E+09
  0.7638E+09
  0.7646E+09
  0.7654E+09
  0.7661E+09
  0.7669E+09
  0.7677E+09
  0.7684E+09
  0.7692E+09
  0.7699E+09
  0.7707E+09
  0.7715E+09
  0.7723E+09
  0.7730E+09
  0.7738E+09
  0.7746E+09
  0.7753E+09
  0.7761E+09
  0.7769E+09
  0.7777E+09
  0.7784E+09
  0.7792E+09
  0.7800E+09
  0.7808E+09
  0.7815E+09
  0.7823E+09
  0.7831E+09
  0.7839E+09
  0.7847E+09
  0.7855E+09
  0.7862E+09
  0.7870E+09
  0.7878E+09
  0.7886E+09
  0.7894E+09
  0.7902E+09
  0.7910E+09
  0.7918E+09
  0.7926E+09
  0.7933E+09
  0.7941E+09
  0.7949E+09
  0.7957E+09
  0.7965E+09
  0.7973E+09
  0.7981E+09
  0.7989E+09
  0.7997E+09
  0.8005E+09
  0.8013E+09
  0.8021E+09
  0.8029E+09
  0.8038E+09
  0.8046E+09
  0.8054E+09
  0.8062E+09
  0.8070E+09
  0.8078E+09
  0.8086E+09
  0.8094E+09
  0.8103E+09
  0.8111E+09
  0.8119E+09
  0.8127E+09
  0.8136E+09
  0.8144E+09
  0.8152E+09
  0.8161E+09
  0.8169E+09
  0.8177E+09
  0.8186E+09
  0.8194E+09
  0.8203E+09
  0.8211E+09
  0.8220E+09
  0.8229E+09
  0.8237E+09
  0.8246E+09
  0.8941E+09
  0.1037E+10
  0.1203E+10
  0.1396E+10
  0.1619E+10
  0.1876E+10
  0.2172E+10
  0.2511E+10
  0.2898E+10
  0.3337E+10
  0.3832E+10
  0.4384E+10
  0.4995E+10
  0.5662E+10
  0.6381E+10
  0.7141E+10
  0.7928E+10
  0.8722E+10
  0.9498E+10
  0.1022E+11
  0.1087E+11
  0.1140E+11
  0.1179E+11
  0.1200E+11
  0.1203E+11
  0.1187E+11
  0.1153E+11
  0.1102E+11
  0.1039E+11
  0.9656E+10
  0.8861E+10
  0.8038E+10
  0.7216E+10
  0.6418E+10
  0.5663E+10
  0.4961E+10
  0.4319E+10
  0.3741E+10
  0.3225E+10
  0.2769E+10
  0.2375E+10
  0.2033E+10
  0.1735E+10
  0.1477E+10
  0.1255E+10
  0.1086E+10
  0.1115E+10
  0.1146E+10
  0.1180E+10
  0.1215E+10
  0.1252E+10
  0.1289E+10
  0.1326E+10
  0.1363E+10
  0.1399E+10
  0.1432E+10
  0.1463E+10
  0.1490E+10
  0.1514E+10
  0.1533E+10
  0.1547E+10
  0.1556E+10
  0.1560E+10
  0.1559E+10
  0.1554E+10
  0.1543E+10
  0.1529E+10
  0.1512E+10
  0.1491E+10
  0.1467E+10
  0.1442E+10
  0.1415E+10
  0.1388E+10
  0.1360E+10
  0.1331E+10
  0.1304E+10
  0.1276E+10
  0.1250E+10
  0.1224E+10
  0.1200E+10
  0.1177E+10
  0.1155E+10
  0.1135E+10
  0.1116E+10
  0.1098E+10
  0.1082E+10
  0.1068E+10
  0.1054E+10
  0.1042E+10
  0.1031E+10
  0.1021E+10
  0.1012E+10
  0.1004E+10
  0.9963E+09
  0.9899E+09
  0.9842E+09
  0.9791E+09
  0.9747E+09
  0.9708E+09
  0.9675E+09
  0.9646E+09
  0.9621E+09
  0.9599E+09
  0.9581E+09
  0.9567E+09
  0.9554E+09
  0.9544E+09
  0.9537E+09
  0.9531E+09
  0.9527E+09
  0.9524E+09
  0.9523E+09
  0.9523E+09
  0.9525E+09
  0.9527E+09
  0.9530E+09
  0.9534E+09
  0.9538E+09
  0.9543E+09
  0.9549E+09
  0.9555E+09
  0.9561E+09
  0.9568E+09
  0.9576E+09
  0.9583E+09
  0.9591E+09
  0.9599E+09
  0.9607E+09
  0.9616E+09
  0.9624E+09
  0.9633E+09
  0.9642E+09
  0.9651E+09
  0.9660E+09
  0.9669E+09
  0.9679E+09
  0.9688E+09
  0.9697E+09
  0.9707E+09
  0.9717E+09
  0.9726E+09
  0.9736E+09
  0.9746E+09
  0.9755E+09
  0.9765E+09
  0.9775E+09
  0.9785E+09
  0.9795E+09
  0.9805E+09
  0.9815E+09
  0.9824E+09
  0.9834E+09
  0.9844E+09
  0.9854E+09
  0.9865E+09
  0.9875E+09
  0.9885E+09
  0.9895E+09
  0.9905E+09
  0.9915E+09
  0.9925E+09
  0.9935E+09
  0.9946E+09
  0.9956E+09
  0.9966E+09
  0.9976E+09
  0.9986E+09
  0.9997E+09
  0.1001E+10
  0.1002E+10
  0.1003E+10
  0.1004E+10
  0.1005E+10
  0.1006E+10
  0.1007E+10
  0.1008E+10
  0.1009E+10
  0.1010E+10
  0.1011E+10
  0.1012E+10
  0.1013E+10
  0.1014E+10
  0.1015E+10
  0.1016E+10
  0.1017E+10
  0.1018E+10
  0.1019E+10
  0.1020E+10
  0.1021E+10
  0.1023E+10
  0.1024E+10
  0.1025E+10
  0.1026E+10
  0.1027E+10
  0.1028E+10
  0.1029E+10
  0.1030E+10
  0.1031E+10
  0.1032E+10
  0.1033E+10
  0.1034E+10
  0.1035E+10
  0.1036E+10
  0.1037E+10
  0.1039E+10
  0.1040E+10
  0.1041E+10
  0.1042E+10
  0.1043E+10
  0.1044E+10
  0.1045E+10
  0.1046E+10
  0.1047E+10
  0.1048E+10
  0.1049E+10
  0.1050E+10
  0.1051E+10
  0.1053E+10
  0.1054E+10
  0.1055E+10
  0.1056E+10
  0.1057E+10
  0.1058E+10
  0.1059E+10
  0.1060E+10
  0.1061E+10
  0.1062E+10
  0.1064E+10
  0.1065E+10
  0.1066E+10
  0.1067E+10
  0.1068E+10
  0.1069E+10
  0.1070E+10
  0.1071E+10
  0.1072E+10
  0.1074E+10
  0.1075E+10
  0.1076E+10
  0.1077E+10
  0.1078E+10
  0.1079E+10
  0.1080E+10
  0.1081E+10
  0.1082E+10
  0.1084E+10
  0.1085E+10
  0.1086E+10
  0.1087E+10
  0.1088E+10
  0.1089E+10
  0.1090E+10
  0.1092E+10
  0.1093E+10
  0.1094E+10
  0.1095E+10
  0.1096E+10
  0.1097E+10
  0.1098E+10
  0.1100E+10
  0.1101E+10
  0.1102E+10
  0.1103E+10
  0.1104E+10
  0.1105E+10
  0.1107E+10
  0.1108E+10
  0.1109E+10
  0.1110E+10
  0.1111E+10
  0.1113E+10
  0.1114E+10
  0.1115E+10
  0.1198E+10
  0.1388E+10
  0.1608E+10
  0.1861E+10
  0.2152E+10
  0.2485E+10
  0.2865E+10
  0.3296E+10
  0.3780E+10
  0.4321E+10
  0.4919E+10
  0.5572E+10
  0.6275E+10
  0.7018E+10
  0.7788E+10
  0.8566E+10
  0.9328E+10
  0.1004E+11
  0.1068E+11
  0.1121E+11
  0.1160E+11
  0.1183E+11
  0.1187E+11
  0.1173E+11
  0.1142E+11
  0.1094E+11
  0.1033E+11
  0.9627E+10
  0.8855E+10
  0.8051E+10
  0.7244E+10
  0.6457E+10
  0.5709E+10
  0.5012E+10
  0.4373E+10
  0.3794E+10
  0.3277E+10
  0.2819E+10
  0.2418E+10
  0.2074E+10
  0.1773E+10
  0.1512E+10
  0.1360E+10
  0.1387E+10
  0.1417E+10
  0.1448E+10
  0.1481E+10
  0.1517E+10
  0.1553E+10
  0.1590E+10
  0.1628E+10
  0.1664E+10
  0.1700E+10
  0.1734E+10
  0.1765E+10
  0.1793E+10
  0.1817E+10
  0.1837E+10
  0.1852E+10
  0.1862E+10
  0.1867E+10
  0.1867E+10
  0.1862E+10
  0.1853E+10
  0.1840E+10
  0.1823E+10
  0.1804E+10
  0.1781E+10
  0.1757E+10
  0.1731E+10
  0.1704E+10
  0.1677E+10
  0.1649E+10
  0.1622E+10
  0.1595E+10
  0.1569E+10
  0.1544E+10
  0.1520E+10
  0.1497E+10
  0.1476E+10
  0.1456E+10
  0.1437E+10
  0.1420E+10
  0.1404E+10
  0.1390E+10
  0.1376E+10
  0.1364E+10
  0.1354E+10
  0.1344E+10
  0.1335E+10
  0.1327E+10
  0.1320E+10
  0.1314E+10
  0.1309E+10
  0.1304E+10
  0.1300E+10
  0.1296E+10
  0.1293E+10
  0.1290E+10
  0.1288E+10
  0.1286E+10
  0.1285E+10
  0.1284E+10
  0.1283E+10
  0.1282E+10
  0.1282E+10
  0.1282E+10
  0.1282E+10
  0.1282E+10
  0.1282E+10
  0.1282E+10
  0.1283E+10
  0.1283E+10
  0.1284E+10
  0.1285E+10
  0.1286E+10
  0.1287E+10
  0.1287E+10
  0.1288E+10
  0.1289E+10
  0.1291E+10
  0.1292E+10
  0.1293E+10
  0.1294E+10
  0.1295E+10
  0.1296E+10
  0.1298E+10
  0.1299E+10
  0.1300E+10
  0.1301E+10
  0.1303E+10
  0.1304E+10
  0.1305E+10
  0.1307E+10
  0.1308E+10
  0.1309E+10
  0.1311E+10
  0.1312E+10
  0.1313E+10
  0.1315E+10
  0.1316E+10
  0.1318E+10
  0.1319E+10
  0.1320E+10
  0.1322E+10
  0.1323E+10
  0.1324E+10
  0.1326E+10
  0.1327E+10
  0.1329E+10
  0.1330E+10
  0.1332E+10
  0.1333E+10
  0.1334E+10
  0.1336E+10
  0.1337E+10
  0.1339E+10
  0.1340E+10
  0.1341E+10
  0.1343E+10
  0.1344E+10
  0.1346E+10
  0.1347E+10
  0.1349E+10
  0.1350E+10
  0.1351E+10
  0.1353E+10
  0.1354E+10
  0.1356E+10
  0.1357E+10
  0.1359E+10
  0.1360E+10
  0.1362E+10
  0.1363E+10
  0.1365E+10
  0.1366E+10
  0.1367E+10
  0.1369E+10
  0.1370E+10
  0.1372E+10
  0.1373E+10
  0.1375E+10
  0.1376E+10
  0.1378E+10
  0.1379E+10
  0.1381E+10
  0.1382E+10
  0.1384E+10
  0.1385E+10
  0.1387E+10
  0.1388E+10
  0.1390E+10
  0.1391E+10
  0.1393E+10
  0.1394E+10
  0.1396E+10
  0.1397E+10
  0.1399E+10
  0.1400E+10
  0.1402E+10
  0.1403E+10
  0.1405E+10
  0.1406E+10
  0.1408E+10
  0.1409E+10
  0.1411E+10
  0.1412E+10
  0.1414E+10
  0.1415E+10
  0.1417E+10
  0.1418E+10
  0.1420E+10
  0.1421E+10
  0.1423E+10
  0.1424E+10
  0.1426E+10
  0.1427E+10
  0.1429E+10
  0.1430E+10
  0.1432E+10
  0.1433E+10
  0.1435E+10
  0.1437E+10
  0.1438E+10
  0.1440E+10
  0.1441E+10
  0.1443E+10
  0.1444E+10
  0.1446E+10
  0.1447E+10
  0.1449E+10
  0.1451E+10
  0.1452E+10
  0.1454E+10
  0.1455E+10
  0.1457E+10
  0.1458E+10
  0.1460E+10
  0.1462E+10
  0.1463E+10
  0.1465E+10
  0.1466E+10
  0.1468E+10
  0.1469E+10
  0.1471E+10
  0.1473E+10
  0.1474E+10
  0.1476E+10
  0.1477E+10
  0.1479E+10
  0.1481E+10
  0.1482E+10
  0.1484E+10
  0.1485E+10
  0.1487E+10
  0.1489E+10
  0.1490E+10
  0.1492E+10
  0.1494E+10
  0.1495E+10
  0.1497E+10
  0.1498E+10
  0.1500E+10
  0.1502E+10
  0.1503E+10
  0.1505E+10
  0.1507E+10
  0.1508E+10
  0.1510E+10
  0.1512E+10
  0.1514E+10
  0.1515E+10
  0.1517E+10
  0.1626E+10
  0.1880E+10
  0.2171E+10
  0.2504E+10
  0.2883E+10
  0.3312E+10
  0.3794E+10
  0.4331E+10
  0.4924E+10
  0.5569E+10
  0.6262E+10
  0.6995E+10
  0.7751E+10
  0.8514E+10
  0.9258E+10
  0.9957E+10
  0.1058E+11
  0.1109E+11
  0.1147E+11
  0.1168E+11
  0.1172E+11
  0.1158E+11
  0.1127E+11
  0.1080E+11
  0.1020E+11
  0.9508E+10
  0.8752E+10
  0.7964E+10
  0.7172E+10
  0.6400E+10
  0.5665E+10
  0.4979E+10
  0.4349E+10
  0.3778E+10
  0.3267E+10
  0.2814E+10
  0.2415E+10
  0.2074E+10
  0.1775E+10
  0.1756E+10
  0.1781E+10
  0.1808E+10
  0.1838E+10
  0.1870E+10
  0.1904E+10
  0.1939E+10
  0.1976E+10
  0.2013E+10
  0.2051E+10
  0.2088E+10
  0.2123E+10
