  0.2020E-05
  0.2040E-05
  0.2060E-05
  0.2080E-05
  0.2100E-05
  0.2120E-05
  0.2140E-05
  0.2160E-05
  0.2180E-05
  0.2200E-05
  0.2220E-05
  0.2240E-05
  0.2260E-05
  0.2280E-05
  0.2300E-05
  0.2320E-05
  0.2340E-05
  0.2360E-05
  0.2380E-05
  0.2400E-05
  0.2420E-05
  0.2440E-05
  0.2460E-05
  0.2480E-05
  0.2500E-05
  0.2520E-05
  0.2540E-05
  0.2560E-05
  0.2580E-05
  0.2600E-05
  0.2620E-05
  0.2640E-05
  0.2660E-05
  0.2680E-05
  0.2700E-05
  0.2720E-05
  0.2740E-05
  0.2760E-05
  0.2780E-05
  0.2800E-05
  0.2820E-05
  0.2840E-05
  0.2860E-05
  0.2880E-05
  0.2900E-05
  0.2920E-05
  0.2940E-05
  0.2960E-05
  0.2980E-05
  0.3000E-05
  0.3020E-05
  0.3040E-05
  0.3060E-05
  0.3080E-05
  0.3100E-05
  0.3120E-05
  0.3140E-05
  0.3160E-05
  0.3180E-05
  0.3200E-05
  0.3220E-05
  0.3240E-05
  0.3260E-05
  0.3280E-05
  0.3300E-05
  0.3320E-05
  0.3340E-05
  0.3360E-05
  0.3380E-05
  0.3400E-05
  0.3420E-05
  0.3440E-05
  0.3460E-05
  0.3480E-05
  0.3500E-05
  0.3520E-05
  0.3540E-05
  0.3560E-05
  0.3580E-05
  0.3600E-05
  0.3620E-05
  0.3640E-05
  0.3660E-05
  0.3680E-05
  0.3700E-05
  0.3720E-05
  0.3740E-05
  0.3760E-05
  0.3780E-05
  0.3800E-05
  0.3820E-05
  0.3840E-05
  0.3860E-05
  0.3880E-05
  0.3900E-05
  0.3920E-05
  0.3940E-05
  0.3960E-05
  0.3980E-05
  0.4000E-05
  0.4020E-05
  0.4040E-05
  0.4060E-05
  0.4080E-05
  0.4100E-05
  0.4120E-05
  0.4140E-05
  0.4160E-05
  0.4180E-05
  0.4200E-05
  0.4220E-05
  0.4240E-05
  0.4260E-05
  0.4280E-05
  0.4300E-05
  0.4320E-05
  0.4340E-05
  0.4360E-05
  0.4380E-05
  0.4400E-05
  0.4420E-05
  0.4440E-05
  0.4460E-05
  0.4480E-05
  0.4500E-05
  0.4520E-05
  0.4540E-05
  0.4560E-05
  0.4580E-05
  0.4600E-05
  0.4620E-05
  0.4640E-05
  0.4660E-05
  0.4680E-05
  0.4700E-05
  0.4720E-05
  0.4740E-05
  0.4760E-05
  0.4780E-05
  0.4800E-05
  0.4820E-05
  0.4840E-05
  0.4860E-05
  0.4880E-05
  0.4900E-05
  0.4920E-05
  0.4940E-05
  0.4960E-05
  0.4980E-05
  0.5000E-05
  0.5020E-05
  0.5040E-05
  0.5060E-05
  0.5080E-05
  0.5100E-05
  0.5120E-05
  0.5140E-05
  0.5160E-05
  0.5180E-05
  0.5200E-05
  0.5220E-05
  0.5240E-05
  0.5260E-05
  0.5280E-05
  0.5300E-05
  0.5320E-05
  0.5340E-05
  0.5360E-05
  0.5380E-05
  0.5400E-05
  0.5420E-05
  0.5440E-05
  0.5460E-05
  0.5480E-05
  0.5500E-05
  0.5520E-05
  0.5540E-05
  0.5560E-05
  0.5580E-05
  0.5600E-05
  0.5620E-05
  0.5640E-05
  0.5660E-05
  0.5680E-05
  0.5700E-05
  0.5720E-05
  0.5740E-05
  0.5760E-05
  0.5780E-05
  0.5800E-05
  0.5820E-05
  0.5840E-05
  0.5860E-05
  0.5880E-05
  0.5900E-05
  0.5920E-05
  0.5940E-05
  0.5960E-05
  0.5980E-05
  0.6000E-05
  0.6020E-05
  0.6040E-05
  0.6060E-05
  0.6080E-05
  0.6100E-05
  0.6120E-05
  0.6140E-05
  0.6160E-05
  0.6180E-05
  0.6200E-05
  0.6220E-05
  0.6240E-05
  0.6260E-05
  0.6280E-05
  0.6300E-05
  0.6320E-05
  0.6340E-05
  0.6360E-05
  0.6380E-05
  0.6400E-05
  0.6420E-05
  0.6440E-05
  0.6460E-05
  0.6480E-05
  0.6500E-05
  0.6520E-05
  0.6540E-05
  0.6560E-05
  0.6580E-05
  0.6600E-05
  0.6620E-05
  0.6640E-05
  0.6660E-05
  0.6680E-05
  0.6700E-05
  0.6720E-05
  0.6740E-05
  0.6760E-05
  0.6780E-05
  0.6800E-05
  0.6820E-05
  0.6840E-05
  0.6860E-05
  0.6880E-05
  0.6900E-05
  0.6920E-05
  0.6940E-05
  0.6960E-05
  0.6980E-05
  0.7000E-05
  0.7020E-05
  0.7040E-05
  0.7060E-05
  0.7080E-05
  0.7100E-05
  0.7120E-05
  0.7140E-05
  0.7160E-05
  0.7180E-05
  0.7200E-05
  0.7220E-05
  0.7240E-05
  0.7260E-05
  0.7280E-05
  0.7300E-05
  0.7320E-05
  0.7340E-05
  0.7360E-05
  0.7380E-05
  0.7400E-05
  0.7420E-05
  0.7440E-05
  0.7460E-05
  0.7480E-05
  0.7500E-05
  0.7520E-05
  0.7540E-05
  0.7560E-05
  0.7580E-05
  0.7600E-05
  0.7620E-05
  0.7640E-05
  0.7660E-05
  0.7680E-05
  0.7700E-05
  0.7720E-05
  0.7740E-05
  0.7760E-05
  0.7780E-05
  0.7800E-05
  0.7820E-05
  0.7840E-05
  0.7860E-05
  0.7880E-05
  0.7900E-05
  0.7920E-05
  0.7940E-05
  0.7960E-05
  0.7980E-05
  0.8000E-05
  0.8020E-05
  0.8040E-05
  0.8060E-05
  0.8080E-05
  0.8100E-05
  0.8120E-05
  0.8140E-05
  0.8160E-05
  0.8180E-05
  0.8200E-05
  0.8220E-05
  0.8240E-05
  0.8260E-05
  0.8280E-05
  0.8300E-05
  0.8320E-05
  0.8340E-05
  0.8360E-05
  0.8380E-05
  0.8400E-05
  0.8420E-05
  0.8440E-05
  0.8460E-05
  0.8480E-05
  0.8500E-05
  0.8520E-05
  0.8540E-05
  0.8560E-05
  0.8580E-05
  0.8600E-05
  0.8620E-05
  0.8640E-05
  0.8660E-05
  0.8680E-05
  0.8700E-05
  0.8720E-05
  0.8740E-05
  0.8760E-05
  0.8780E-05
  0.8800E-05
  0.8820E-05
  0.8840E-05
  0.8860E-05
  0.8880E-05
  0.8900E-05
  0.8920E-05
  0.8940E-05
  0.8960E-05
  0.8980E-05
  0.9000E-05
  0.9020E-05
  0.9040E-05
  0.9060E-05
  0.9080E-05
  0.9100E-05
  0.9120E-05
  0.9140E-05
  0.9160E-05
  0.9180E-05
  0.9200E-05
  0.9220E-05
  0.9240E-05
  0.9260E-05
  0.9280E-05
  0.9300E-05
  0.9320E-05
  0.9340E-05
  0.9360E-05
  0.9380E-05
  0.9400E-05
  0.9420E-05
  0.9440E-05
  0.9460E-05
  0.9480E-05
  0.9500E-05
  0.9520E-05
  0.9540E-05
  0.9560E-05
  0.9580E-05
  0.9600E-05
  0.9620E-05
  0.9640E-05
  0.9660E-05
  0.9680E-05
  0.9700E-05
  0.9720E-05
  0.9740E-05
  0.9760E-05
  0.9780E-05
  0.9800E-05
  0.9820E-05
  0.9840E-05
  0.9860E-05
  0.9880E-05
  0.9900E-05
  0.9920E-05
  0.9940E-05
  0.9960E-05
  0.9980E-05
  0.1000E-04
  0.1002E-04
  0.1004E-04
  0.1006E-04
  0.1008E-04
  0.1010E-04
  0.1012E-04
  0.1014E-04
  0.1016E-04
  0.1018E-04
  0.1020E-04
  0.1022E-04
  0.1024E-04
  0.1026E-04
  0.1028E-04
  0.1030E-04
  0.1032E-04
  0.1034E-04
  0.1036E-04
  0.1038E-04
  0.1040E-04
  0.1042E-04
  0.1044E-04
  0.1046E-04
  0.1048E-04
  0.1050E-04
  0.1052E-04
  0.1054E-04
  0.1056E-04
  0.1058E-04
  0.1060E-04
  0.1062E-04
  0.1064E-04
  0.1066E-04
  0.1068E-04
  0.1070E-04
  0.1072E-04
  0.1074E-04
  0.1076E-04
  0.1078E-04
  0.1080E-04
  0.1082E-04
  0.1084E-04
  0.1086E-04
  0.1088E-04
  0.1090E-04
  0.1092E-04
  0.1094E-04
  0.1096E-04
  0.1098E-04
  0.1100E-04
  0.1102E-04
  0.1104E-04
  0.1106E-04
  0.1108E-04
  0.1110E-04
  0.1112E-04
  0.1114E-04
  0.1116E-04
  0.1118E-04
  0.1120E-04
  0.1122E-04
  0.1124E-04
  0.1126E-04
  0.1128E-04
  0.1130E-04
  0.1132E-04
  0.1134E-04
  0.1136E-04
  0.1138E-04
  0.1140E-04
  0.1142E-04
  0.1144E-04
  0.1146E-04
  0.1148E-04
  0.1150E-04
  0.1152E-04
  0.1154E-04
  0.1156E-04
  0.1158E-04
  0.1160E-04
  0.1162E-04
  0.1164E-04
  0.1166E-04
  0.1168E-04
  0.1170E-04
  0.1172E-04
  0.1174E-04
  0.1176E-04
  0.1178E-04
  0.1180E-04
  0.1182E-04
  0.1184E-04
  0.1186E-04
  0.1188E-04
  0.1190E-04
  0.1192E-04
  0.1194E-04
  0.1196E-04
  0.1198E-04
  0.1200E-04
  0.1202E-04
  0.1204E-04
  0.1206E-04
  0.1208E-04
  0.1210E-04
  0.1212E-04
  0.1214E-04
  0.1216E-04
  0.1218E-04
  0.1220E-04
  0.1222E-04
  0.1224E-04
  0.1226E-04
  0.1228E-04
  0.1230E-04
  0.1232E-04
  0.1234E-04
  0.1236E-04
  0.1238E-04
  0.1240E-04
  0.1242E-04
  0.1244E-04
  0.1246E-04
  0.1248E-04
  0.1250E-04
  0.1252E-04
  0.1254E-04
  0.1256E-04
  0.1258E-04
  0.1260E-04
  0.1262E-04
  0.1264E-04
  0.1266E-04
  0.1268E-04
  0.1270E-04
  0.1272E-04
  0.1274E-04
  0.1276E-04
  0.1278E-04
  0.1280E-04
  0.1282E-04
  0.1284E-04
  0.1286E-04
  0.1288E-04
  0.1290E-04
  0.1292E-04
  0.1294E-04
  0.1296E-04
  0.1298E-04
  0.1300E-04
  0.1302E-04
  0.1304E-04
  0.1306E-04
  0.1308E-04
  0.1310E-04
  0.1312E-04
  0.1314E-04
  0.1316E-04
  0.1318E-04
  0.1320E-04
  0.1322E-04
  0.1324E-04
  0.1326E-04
  0.1328E-04
  0.1330E-04
  0.1332E-04
  0.1334E-04
  0.1336E-04
  0.1338E-04
  0.1340E-04
  0.1342E-04
  0.1344E-04
  0.1346E-04
  0.1348E-04
  0.1350E-04
  0.1352E-04
  0.1354E-04
  0.1356E-04
  0.1358E-04
  0.1360E-04
  0.1362E-04
  0.1364E-04
  0.1366E-04
  0.1368E-04
  0.1370E-04
  0.1372E-04
  0.1374E-04
  0.1376E-04
  0.1378E-04
  0.1380E-04
  0.1382E-04
  0.1384E-04
  0.1386E-04
  0.1388E-04
  0.1390E-04
  0.1392E-04
  0.1394E-04
  0.1396E-04
  0.1398E-04
  0.1400E-04
  0.1402E-04
  0.1404E-04
  0.1406E-04
  0.1408E-04
  0.1410E-04
  0.1412E-04
  0.1414E-04
  0.1416E-04
  0.1418E-04
  0.1420E-04
  0.1422E-04
  0.1424E-04
  0.1426E-04
  0.1428E-04
  0.1430E-04
  0.1432E-04
  0.1434E-04
  0.1436E-04
  0.1438E-04
  0.1440E-04
  0.1442E-04
  0.1444E-04
  0.1446E-04
  0.1448E-04
  0.1450E-04
  0.1452E-04
  0.1454E-04
  0.1456E-04
  0.1458E-04
  0.1460E-04
  0.1462E-04
  0.1464E-04
  0.1466E-04
  0.1468E-04
  0.1470E-04
  0.1472E-04
  0.1474E-04
  0.1476E-04
  0.1478E-04
  0.1480E-04
  0.1482E-04
  0.1484E-04
  0.1486E-04
  0.1488E-04
  0.1490E-04
  0.1492E-04
  0.1494E-04
  0.1496E-04
  0.1498E-04
  0.1500E-04
  0.1502E-04
  0.1504E-04
  0.1506E-04
  0.1508E-04
  0.1510E-04
  0.1512E-04
  0.1514E-04
  0.1516E-04
  0.1518E-04
  0.1520E-04
  0.1522E-04
  0.1524E-04
  0.1526E-04
  0.1528E-04
  0.1530E-04
  0.1532E-04
  0.1534E-04
  0.1536E-04
  0.1538E-04
  0.1540E-04
  0.1542E-04
  0.1544E-04
  0.1546E-04
  0.1548E-04
  0.1550E-04
  0.1552E-04
  0.1554E-04
  0.1556E-04
  0.1558E-04
  0.1560E-04
  0.1562E-04
  0.1564E-04
  0.1566E-04
  0.1568E-04
  0.1570E-04
  0.1572E-04
  0.1574E-04
  0.1576E-04
  0.1578E-04
  0.1580E-04
  0.1582E-04
  0.1584E-04
  0.1586E-04
  0.1588E-04
  0.1590E-04
  0.1592E-04
  0.1594E-04
  0.1596E-04
  0.1598E-04
  0.1600E-04
  0.1602E-04
  0.1604E-04
  0.1606E-04
  0.1608E-04
  0.1610E-04
  0.1612E-04
  0.1614E-04
  0.1616E-04
  0.1618E-04
  0.1620E-04
  0.1622E-04
  0.1624E-04
  0.1626E-04
  0.1628E-04
  0.1630E-04
  0.1632E-04
  0.1634E-04
  0.1636E-04
  0.1638E-04
  0.1640E-04
  0.1642E-04
  0.1644E-04
  0.1646E-04
  0.1648E-04
  0.1650E-04
  0.1652E-04
  0.1654E-04
  0.1656E-04
  0.1658E-04
  0.1660E-04
  0.1662E-04
  0.1664E-04
  0.1666E-04
  0.1668E-04
  0.1670E-04
  0.1672E-04
  0.1674E-04
  0.1676E-04
  0.1678E-04
  0.1680E-04
  0.1682E-04
  0.1684E-04
  0.1686E-04
  0.1688E-04
  0.1690E-04
  0.1692E-04
  0.1694E-04
  0.1696E-04
  0.1698E-04
  0.1700E-04
  0.1702E-04
  0.1704E-04
  0.1706E-04
  0.1708E-04
  0.1710E-04
  0.1712E-04
  0.1714E-04
  0.1716E-04
  0.1718E-04
  0.1720E-04
  0.1722E-04
  0.1724E-04
  0.1726E-04
  0.1728E-04
  0.1730E-04
  0.1732E-04
  0.1734E-04
  0.1736E-04
  0.1738E-04
  0.1740E-04
  0.1742E-04
  0.1744E-04
  0.1746E-04
  0.1748E-04
  0.1750E-04
  0.1752E-04
  0.1754E-04
  0.1756E-04
  0.1758E-04
  0.1760E-04
  0.1762E-04
  0.1764E-04
  0.1766E-04
  0.1768E-04
  0.1770E-04
  0.1772E-04
  0.1774E-04
  0.1776E-04
  0.1778E-04
  0.1780E-04
  0.1782E-04
  0.1784E-04
  0.1786E-04
  0.1788E-04
  0.1790E-04
  0.1792E-04
  0.1794E-04
  0.1796E-04
  0.1798E-04
  0.1800E-04
  0.1802E-04
  0.1804E-04
  0.1806E-04
  0.1808E-04
  0.1810E-04
  0.1812E-04
  0.1814E-04
  0.1816E-04
  0.1818E-04
  0.1820E-04
  0.1822E-04
  0.1824E-04
  0.1826E-04
  0.1828E-04
  0.1830E-04
  0.1832E-04
  0.1834E-04
  0.1836E-04
  0.1838E-04
  0.1840E-04
  0.1842E-04
  0.1844E-04
  0.1846E-04
  0.1848E-04
  0.1850E-04
  0.1852E-04
  0.1854E-04
  0.1856E-04
  0.1858E-04
  0.1860E-04
  0.1862E-04
  0.1864E-04
  0.1866E-04
  0.1868E-04
  0.1870E-04
  0.1872E-04
  0.1874E-04
  0.1876E-04
  0.1878E-04
  0.1880E-04
  0.1882E-04
  0.1884E-04
  0.1886E-04
  0.1888E-04
  0.1890E-04
  0.1892E-04
  0.1894E-04
  0.1896E-04
  0.1898E-04
  0.1900E-04
  0.1902E-04
  0.1904E-04
  0.1906E-04
  0.1908E-04
  0.1910E-04
  0.1912E-04
  0.1914E-04
  0.1916E-04
  0.1918E-04
  0.1920E-04
  0.1922E-04
  0.1924E-04
  0.1926E-04
  0.1928E-04
  0.1930E-04
  0.1932E-04
  0.1934E-04
  0.1936E-04
  0.1938E-04
  0.1940E-04
  0.1942E-04
  0.1944E-04
  0.1946E-04
  0.1948E-04
  0.1950E-04
  0.1952E-04
  0.1954E-04
  0.1956E-04
  0.1958E-04
  0.1960E-04
  0.1962E-04
  0.1964E-04
  0.1966E-04
  0.1968E-04
  0.1970E-04
  0.1972E-04
  0.1974E-04
  0.1976E-04
  0.1978E-04
  0.1980E-04
  0.1982E-04
  0.1984E-04
  0.1986E-04
  0.1988E-04
  0.1990E-04
  0.1992E-04
  0.1994E-04
  0.1996E-04
  0.1998E-04
  0.2000E-04
  0.2002E-04
  0.2004E-04
  0.2006E-04
  0.2008E-04
  0.2010E-04
  0.2012E-04
  0.2014E-04
  0.2016E-04
  0.2018E-04
  0.2020E-04
  0.2022E-04
  0.2024E-04
  0.2026E-04
  0.2028E-04
  0.2030E-04
  0.2032E-04
  0.2034E-04
  0.2036E-04
  0.2038E-04
  0.2040E-04
  0.2042E-04
  0.2044E-04
  0.2046E-04
  0.2048E-04
  0.2050E-04
  0.2052E-04
  0.2054E-04
  0.2056E-04
  0.2058E-04
  0.2060E-04
  0.2062E-04
  0.2064E-04
  0.2066E-04
  0.2068E-04
  0.2070E-04
  0.2072E-04
  0.2074E-04
  0.2076E-04
  0.2078E-04
  0.2080E-04
  0.2082E-04
  0.2084E-04
  0.2086E-04
  0.2088E-04
  0.2090E-04
  0.2092E-04
  0.2094E-04
  0.2096E-04
  0.2098E-04
  0.2100E-04
  0.2102E-04
  0.2104E-04
  0.2106E-04
  0.2108E-04
  0.2110E-04
  0.2112E-04
  0.2114E-04
  0.2116E-04
  0.2118E-04
  0.2120E-04
  0.2122E-04
  0.2124E-04
  0.2126E-04
  0.2128E-04
  0.2130E-04
  0.2132E-04
  0.2134E-04
  0.2136E-04
  0.2138E-04
  0.2140E-04
  0.2142E-04
  0.2144E-04
  0.2146E-04
  0.2148E-04
  0.2150E-04
  0.2152E-04
  0.2154E-04
  0.2156E-04
  0.2158E-04
  0.2160E-04
  0.2162E-04
  0.2164E-04
  0.2166E-04
  0.2168E-04
  0.2170E-04
  0.2172E-04
  0.2174E-04
  0.2176E-04
  0.2178E-04
  0.2180E-04
  0.2182E-04
  0.2184E-04
  0.2186E-04
  0.2188E-04
  0.2190E-04
  0.2192E-04
  0.2194E-04
  0.2196E-04
  0.2198E-04
  0.2200E-04
  0.2202E-04
  0.2204E-04
  0.2206E-04
  0.2208E-04
  0.2210E-04
  0.2212E-04
  0.2214E-04
  0.2216E-04
  0.2218E-04
  0.2220E-04
  0.2222E-04
  0.2224E-04
  0.2226E-04
  0.2228E-04
  0.2230E-04
  0.2232E-04
  0.2234E-04
  0.2236E-04
  0.2238E-04
  0.2240E-04
  0.2242E-04
  0.2244E-04
  0.2246E-04
  0.2248E-04
  0.2250E-04
  0.2252E-04
  0.2254E-04
  0.2256E-04
  0.2258E-04
  0.2260E-04
  0.2262E-04
  0.2264E-04
  0.2266E-04
  0.2268E-04
  0.2270E-04
  0.2272E-04
  0.2274E-04
  0.2276E-04
  0.2278E-04
  0.2280E-04
  0.2282E-04
  0.2284E-04
  0.2286E-04
  0.2288E-04
  0.2290E-04
  0.2292E-04
  0.2294E-04
  0.2296E-04
  0.2298E-04
  0.2300E-04
  0.2302E-04
  0.2304E-04
  0.2306E-04
  0.2308E-04
  0.2310E-04
  0.2312E-04
  0.2314E-04
  0.2316E-04
  0.2318E-04
  0.2320E-04
  0.2322E-04
  0.2324E-04
  0.2326E-04
  0.2328E-04
  0.2330E-04
  0.2332E-04
  0.2334E-04
  0.2336E-04
  0.2338E-04
  0.2340E-04
  0.2342E-04
  0.2344E-04
  0.2346E-04
  0.2348E-04
  0.2350E-04
  0.2352E-04
  0.2354E-04
  0.2356E-04
  0.2358E-04
  0.2360E-04
  0.2362E-04
  0.2364E-04
  0.2366E-04
  0.2368E-04
  0.2370E-04
  0.2372E-04
  0.2374E-04
  0.2376E-04
  0.2378E-04
  0.2380E-04
  0.2382E-04
  0.2384E-04
  0.2386E-04
  0.2388E-04
  0.2390E-04
  0.2392E-04
  0.2394E-04
  0.2396E-04
  0.2398E-04
  0.2400E-04
  0.2402E-04
  0.2404E-04
  0.2406E-04
  0.2408E-04
  0.2410E-04
  0.2412E-04
  0.2414E-04
  0.2416E-04
  0.2418E-04
  0.2420E-04
  0.2422E-04
  0.2424E-04
  0.2426E-04
  0.2428E-04
  0.2430E-04
  0.2432E-04
  0.2434E-04
  0.2436E-04
  0.2438E-04
  0.2440E-04
  0.2442E-04
  0.2444E-04
  0.2446E-04
  0.2448E-04
  0.2450E-04
  0.2452E-04
  0.2454E-04
  0.2456E-04
  0.2458E-04
  0.2460E-04
  0.2462E-04
  0.2464E-04
  0.2466E-04
  0.2468E-04
  0.2470E-04
  0.2472E-04
  0.2474E-04
  0.2476E-04
  0.2478E-04
  0.2480E-04
  0.2482E-04
  0.2484E-04
  0.2486E-04
  0.2488E-04
  0.2490E-04
  0.2492E-04
  0.2494E-04
  0.2496E-04
  0.2498E-04
  0.2500E-04
  0.2502E-04
  0.2504E-04
  0.2506E-04
  0.2508E-04
  0.2510E-04
  0.2512E-04
  0.2514E-04
  0.2516E-04
  0.2518E-04
  0.2520E-04
  0.2522E-04
  0.2524E-04
  0.2526E-04
  0.2528E-04
  0.2530E-04
  0.2532E-04
  0.2534E-04
  0.2536E-04
  0.2538E-04
  0.2540E-04
  0.2542E-04
  0.2544E-04
  0.2546E-04
  0.2548E-04
  0.2550E-04
  0.2552E-04
  0.2554E-04
  0.2556E-04
  0.2558E-04
  0.2560E-04
  0.2562E-04
  0.2564E-04
  0.2566E-04
  0.2568E-04
  0.2570E-04
  0.2572E-04
  0.2574E-04
  0.2576E-04
  0.2578E-04
  0.2580E-04
  0.2582E-04
  0.2584E-04
  0.2586E-04
  0.2588E-04
  0.2590E-04
  0.2592E-04
  0.2594E-04
  0.2596E-04
  0.2598E-04
  0.2600E-04
  0.2602E-04
  0.2604E-04
  0.2606E-04
  0.2608E-04
  0.2610E-04
  0.2612E-04
  0.2614E-04
  0.2616E-04
  0.2618E-04
  0.2620E-04
  0.2622E-04
  0.2624E-04
  0.2626E-04
  0.2628E-04
  0.2630E-04
  0.2632E-04
  0.2634E-04
  0.2636E-04
  0.2638E-04
  0.2640E-04
  0.2642E-04
  0.2644E-04
  0.2646E-04
  0.2648E-04
  0.2650E-04
  0.2652E-04
  0.2654E-04
  0.2656E-04
  0.2658E-04
  0.2660E-04
  0.2662E-04
  0.2664E-04
  0.2666E-04
  0.2668E-04
  0.2670E-04
  0.2672E-04
  0.2674E-04
  0.2676E-04
  0.2678E-04
  0.2680E-04
  0.2682E-04
  0.2684E-04
  0.2686E-04
  0.2688E-04
  0.2690E-04
  0.2692E-04
  0.2694E-04
  0.2696E-04
  0.2698E-04
  0.2700E-04
  0.2702E-04
  0.2704E-04
  0.2706E-04
  0.2708E-04
  0.2710E-04
  0.2712E-04
  0.2714E-04
  0.2716E-04
  0.2718E-04
  0.2720E-04
  0.2722E-04
  0.2724E-04
  0.2726E-04
  0.2728E-04
  0.2730E-04
  0.2732E-04
  0.2734E-04
  0.2736E-04
  0.2738E-04
  0.2740E-04
  0.2742E-04
  0.2744E-04
  0.2746E-04
  0.2748E-04
  0.2750E-04
  0.2752E-04
  0.2754E-04
  0.2756E-04
  0.2758E-04
  0.2760E-04
  0.2762E-04
  0.2764E-04
  0.2766E-04
  0.2768E-04
  0.2770E-04
  0.2772E-04
  0.2774E-04
  0.2776E-04
  0.2778E-04
  0.2780E-04
  0.2782E-04
  0.2784E-04
  0.2786E-04
  0.2788E-04
  0.2790E-04
  0.2792E-04
  0.2794E-04
  0.2796E-04
  0.2798E-04
  0.2800E-04
  0.2802E-04
  0.2804E-04
  0.2806E-04
  0.2808E-04
  0.2810E-04
  0.2812E-04
  0.2814E-04
  0.2816E-04
  0.2818E-04
  0.2820E-04
  0.2822E-04
  0.2824E-04
  0.2826E-04
  0.2828E-04
  0.2830E-04
  0.2832E-04
  0.2834E-04
  0.2836E-04
  0.2838E-04
  0.2840E-04
  0.2842E-04
  0.2844E-04
  0.2846E-04
  0.2848E-04
  0.2850E-04
  0.2852E-04
  0.2854E-04
  0.2856E-04
  0.2858E-04
  0.2860E-04
  0.2862E-04
  0.2864E-04
  0.2866E-04
  0.2868E-04
  0.2870E-04
  0.2872E-04
  0.2874E-04
  0.2876E-04
  0.2878E-04
  0.2880E-04
  0.2882E-04
  0.2884E-04
  0.2886E-04
  0.2888E-04
  0.2890E-04
  0.2892E-04
  0.2894E-04
  0.2896E-04
  0.2898E-04
  0.2900E-04
  0.2902E-04
  0.2904E-04
  0.2906E-04
  0.2908E-04
  0.2910E-04
  0.2912E-04
  0.2914E-04
  0.2916E-04
  0.2918E-04
  0.2920E-04
  0.2922E-04
  0.2924E-04
  0.2926E-04
  0.2928E-04
  0.2930E-04
  0.2932E-04
  0.2934E-04
  0.2936E-04
  0.2938E-04
  0.2940E-04
  0.2942E-04
  0.2944E-04
  0.2946E-04
  0.2948E-04
  0.2950E-04
  0.2952E-04
  0.2954E-04
  0.2956E-04
  0.2958E-04
  0.2960E-04
  0.2962E-04
  0.2964E-04
  0.2966E-04
  0.2968E-04
  0.2970E-04
  0.2972E-04
  0.2974E-04
  0.2976E-04
  0.2978E-04
  0.2980E-04
  0.2982E-04
  0.2984E-04
  0.2986E-04
  0.2988E-04
  0.2990E-04
  0.2992E-04
  0.2994E-04
  0.2996E-04
  0.2998E-04
  0.3000E-04
  0.3002E-04
  0.3004E-04
  0.3006E-04
  0.3008E-04
  0.3010E-04
  0.3012E-04
  0.3014E-04
  0.3016E-04
  0.3018E-04
  0.3020E-04
  0.3022E-04
  0.3024E-04
  0.3026E-04
  0.3028E-04
  0.3030E-04
  0.3032E-04
  0.3034E-04
  0.3036E-04
  0.3038E-04
  0.3040E-04
  0.3042E-04
  0.3044E-04
  0.3046E-04
  0.3048E-04
  0.3050E-04
  0.3052E-04
  0.3054E-04
  0.3056E-04
  0.3058E-04
  0.3060E-04
  0.3062E-04
  0.3064E-04
  0.3066E-04
  0.3068E-04
  0.3070E-04
  0.3072E-04
  0.3074E-04
  0.3076E-04
  0.3078E-04
  0.3080E-04
  0.3082E-04
  0.3084E-04
  0.3086E-04
  0.3088E-04
  0.3090E-04
  0.3092E-04
  0.3094E-04
  0.3096E-04
  0.3098E-04
  0.3100E-04
  0.3102E-04
  0.3104E-04
  0.3106E-04
  0.3108E-04
  0.3110E-04
  0.3112E-04
  0.3114E-04
  0.3116E-04
  0.3118E-04
  0.3120E-04
  0.3122E-04
  0.3124E-04
  0.3126E-04
  0.3128E-04
  0.3130E-04
  0.3132E-04
  0.3134E-04
  0.3136E-04
  0.3138E-04
  0.3140E-04
  0.3142E-04
  0.3144E-04
  0.3146E-04
  0.3148E-04
  0.3150E-04
  0.3152E-04
  0.3154E-04
  0.3156E-04
  0.3158E-04
  0.3160E-04
  0.3162E-04
  0.3164E-04
  0.3166E-04
  0.3168E-04
  0.3170E-04
  0.3172E-04
  0.3174E-04
  0.3176E-04
  0.3178E-04
  0.3180E-04
  0.3182E-04
  0.3184E-04
  0.3186E-04
  0.3188E-04
  0.3190E-04
  0.3192E-04
  0.3194E-04
  0.3196E-04
  0.3198E-04
  0.3200E-04
  0.3202E-04
  0.3204E-04
  0.3206E-04
  0.3208E-04
  0.3210E-04
  0.3212E-04
  0.3214E-04
  0.3216E-04
  0.3218E-04
  0.3220E-04
  0.3222E-04
  0.3224E-04
  0.3226E-04
  0.3228E-04
  0.3230E-04
  0.3232E-04
  0.3234E-04
  0.3236E-04
  0.3238E-04
  0.3240E-04
  0.3242E-04
  0.3244E-04
  0.3246E-04
  0.3248E-04
  0.3250E-04
  0.3252E-04
  0.3254E-04
  0.3256E-04
  0.3258E-04
  0.3260E-04
  0.3262E-04
  0.3264E-04
  0.3266E-04
  0.3268E-04
  0.3270E-04
  0.3272E-04
  0.3274E-04
  0.3276E-04
  0.3278E-04
  0.3280E-04
  0.3282E-04
  0.3284E-04
  0.3286E-04
  0.3288E-04
  0.3290E-04
  0.3292E-04
  0.3294E-04
  0.3296E-04
  0.3298E-04
  0.3300E-04
  0.3302E-04
  0.3304E-04
  0.3306E-04
  0.3308E-04
  0.3310E-04
  0.3312E-04
  0.3314E-04
  0.3316E-04
  0.3318E-04
  0.3320E-04
  0.3322E-04
  0.3324E-04
  0.3326E-04
  0.3328E-04
  0.3330E-04
  0.3332E-04
  0.3334E-04
  0.3336E-04
  0.3338E-04
  0.3340E-04
  0.3342E-04
  0.3344E-04
  0.3346E-04
  0.3348E-04
  0.3350E-04
  0.3352E-04
  0.3354E-04
  0.3356E-04
  0.3358E-04
  0.3360E-04
  0.3362E-04
  0.3364E-04
  0.3366E-04
  0.3368E-04
  0.3370E-04
  0.3372E-04
  0.3374E-04
  0.3376E-04
  0.3378E-04
  0.3380E-04
  0.3382E-04
  0.3384E-04
  0.3386E-04
  0.3388E-04
  0.3390E-04
  0.3392E-04
  0.3394E-04
  0.3396E-04
  0.3398E-04
  0.3400E-04
  0.3402E-04
  0.3404E-04
  0.3406E-04
  0.3408E-04
  0.3410E-04
  0.3412E-04
  0.3414E-04
  0.3416E-04
  0.3418E-04
  0.3420E-04
  0.3422E-04
  0.3424E-04
  0.3426E-04
  0.3428E-04
  0.3430E-04
  0.3432E-04
  0.3434E-04
  0.3436E-04
  0.3438E-04
  0.3440E-04
  0.3442E-04
  0.3444E-04
  0.3446E-04
  0.3448E-04
  0.3450E-04
  0.3452E-04
  0.3454E-04
  0.3456E-04
  0.3458E-04
  0.3460E-04
  0.3462E-04
  0.3464E-04
  0.3466E-04
  0.3468E-04
  0.3470E-04
  0.3472E-04
  0.3474E-04
  0.3476E-04
  0.3478E-04
  0.3480E-04
  0.3482E-04
  0.3484E-04
  0.3486E-04
  0.3488E-04
  0.3490E-04
  0.3492E-04
  0.3494E-04
  0.3496E-04
  0.3498E-04
  0.3500E-04
  0.3502E-04
  0.3504E-04
  0.3506E-04
  0.3508E-04
  0.3510E-04
  0.3512E-04
  0.3514E-04
  0.3516E-04
  0.3518E-04
  0.3520E-04
  0.3522E-04
  0.3524E-04
  0.3526E-04
  0.3528E-04
  0.3530E-04
  0.3532E-04
  0.3534E-04
  0.3536E-04
  0.3538E-04
  0.3540E-04
  0.3542E-04
  0.3544E-04
  0.3546E-04
  0.3548E-04
  0.3550E-04
  0.3552E-04
  0.3554E-04
  0.3556E-04
  0.3558E-04
  0.3560E-04
  0.3562E-04
  0.3564E-04
  0.3566E-04
  0.3568E-04
  0.3570E-04
  0.3572E-04
  0.3574E-04
  0.3576E-04
  0.3578E-04
  0.3580E-04
  0.3582E-04
  0.3584E-04
  0.3586E-04
  0.3588E-04
  0.3590E-04
  0.3592E-04
  0.3594E-04
  0.3596E-04
  0.3598E-04
  0.3600E-04
  0.3602E-04
  0.3604E-04
  0.3606E-04
  0.3608E-04
  0.3610E-04
  0.3612E-04
  0.3614E-04
  0.3616E-04
  0.3618E-04
  0.3620E-04
  0.3622E-04
  0.3624E-04
  0.3626E-04
  0.3628E-04
  0.3630E-04
  0.3632E-04
  0.3634E-04
  0.3636E-04
  0.3638E-04
  0.3640E-04
  0.3642E-04
  0.3644E-04
  0.3646E-04
  0.3648E-04
  0.3650E-04
  0.3652E-04
  0.3654E-04
  0.3656E-04
  0.3658E-04
  0.3660E-04
  0.3662E-04
  0.3664E-04
  0.3666E-04
  0.3668E-04
  0.3670E-04
  0.3672E-04
  0.3674E-04
  0.3676E-04
  0.3678E-04
  0.3680E-04
  0.3682E-04
  0.3684E-04
  0.3686E-04
  0.3688E-04
  0.3690E-04
  0.3692E-04
  0.3694E-04
  0.3696E-04
  0.3698E-04
  0.3700E-04
  0.3702E-04
  0.3704E-04
  0.3706E-04
  0.3708E-04
  0.3710E-04
  0.3712E-04
  0.3714E-04
  0.3716E-04
  0.3718E-04
  0.3720E-04
  0.3722E-04
  0.3724E-04
  0.3726E-04
  0.3728E-04
  0.3730E-04
  0.3732E-04
  0.3734E-04
  0.3736E-04
  0.3738E-04
  0.3740E-04
  0.3742E-04
  0.3744E-04
  0.3746E-04
  0.3748E-04
  0.3750E-04
  0.3752E-04
  0.3754E-04
  0.3756E-04
  0.3758E-04
  0.3760E-04
  0.3762E-04
  0.3764E-04
  0.3766E-04
  0.3768E-04
  0.3770E-04
  0.3772E-04
  0.3774E-04
  0.3776E-04
  0.3778E-04
  0.3780E-04
  0.3782E-04
  0.3784E-04
  0.3786E-04
  0.3788E-04
  0.3790E-04
  0.3792E-04
  0.3794E-04
  0.3796E-04
  0.3798E-04
  0.3800E-04
  0.3802E-04
  0.3804E-04
  0.3806E-04
  0.3808E-04
  0.3810E-04
  0.3812E-04
  0.3814E-04
  0.3816E-04
  0.3818E-04
  0.3820E-04
  0.3822E-04
  0.3824E-04
  0.3826E-04
  0.3828E-04
  0.3830E-04
  0.3832E-04
  0.3834E-04
  0.3836E-04
  0.3838E-04
  0.3840E-04
  0.3842E-04
  0.3844E-04
  0.3846E-04
  0.3848E-04
  0.3850E-04
  0.3852E-04
  0.3854E-04
  0.3856E-04
  0.3858E-04
  0.3860E-04
  0.3862E-04
  0.3864E-04
  0.3866E-04
  0.3868E-04
  0.3870E-04
  0.3872E-04
  0.3874E-04
  0.3876E-04
  0.3878E-04
  0.3880E-04
  0.3882E-04
  0.3884E-04
  0.3886E-04
  0.3888E-04
  0.3890E-04
  0.3892E-04
  0.3894E-04
  0.3896E-04
  0.3898E-04
  0.3900E-04
  0.3902E-04
  0.3904E-04
  0.3906E-04
  0.3908E-04
  0.3910E-04
  0.3912E-04
  0.3914E-04
  0.3916E-04
  0.3918E-04
  0.3920E-04
  0.3922E-04
  0.3924E-04
  0.3926E-04
  0.3928E-04
  0.3930E-04
  0.3932E-04
  0.3934E-04
  0.3936E-04
  0.3938E-04
  0.3940E-04
  0.3942E-04
  0.3944E-04
  0.3946E-04
  0.3948E-04
  0.3950E-04
  0.3952E-04
  0.3954E-04
  0.3956E-04
  0.3958E-04
  0.3960E-04
  0.3962E-04
  0.3964E-04
  0.3966E-04
  0.3968E-04
  0.3970E-04
  0.3972E-04
  0.3974E-04
  0.3976E-04
  0.3978E-04
  0.3980E-04
  0.3982E-04
  0.3984E-04
  0.3986E-04
  0.3988E-04
  0.3990E-04
  0.3992E-04
  0.3994E-04
  0.3996E-04
  0.3998E-04
  0.4000E-04
  0.4002E-04
  0.4004E-04
  0.4006E-04
  0.4008E-04
  0.4010E-04
  0.4012E-04
  0.4014E-04
  0.4016E-04
  0.4018E-04
  0.4020E-04
  0.4022E-04
  0.4024E-04
  0.4026E-04
  0.4028E-04
  0.4030E-04
  0.4032E-04
  0.4034E-04
  0.4036E-04
  0.4038E-04
  0.4040E-04
  0.4042E-04
  0.4044E-04
  0.4046E-04
  0.4048E-04
  0.4050E-04
  0.4052E-04
  0.4054E-04
  0.4056E-04
  0.4058E-04
  0.4060E-04
  0.4062E-04
  0.4064E-04
  0.4066E-04
  0.4068E-04
  0.4070E-04
  0.4072E-04
  0.4074E-04
  0.4076E-04
  0.4078E-04
  0.4080E-04
  0.4082E-04
  0.4084E-04
  0.4086E-04
  0.4088E-04
  0.4090E-04
  0.4092E-04
  0.4094E-04
  0.4096E-04
  0.4098E-04
  0.4100E-04
  0.4102E-04
  0.4104E-04
  0.4106E-04
  0.4108E-04
  0.4110E-04
  0.4112E-04
  0.4114E-04
  0.4116E-04
  0.4118E-04
  0.4120E-04
  0.4122E-04
  0.4124E-04
  0.4126E-04
  0.4128E-04
  0.4130E-04
  0.4132E-04
  0.4134E-04
  0.4136E-04
  0.4138E-04
  0.4140E-04
  0.4142E-04
  0.4144E-04
  0.4146E-04
  0.4148E-04
  0.4150E-04
  0.4152E-04
  0.4154E-04
  0.4156E-04
  0.4158E-04
  0.4160E-04
  0.4162E-04
  0.4164E-04
  0.4166E-04
  0.4168E-04
  0.4170E-04
  0.4172E-04
  0.4174E-04
  0.4176E-04
  0.4178E-04
  0.4180E-04
  0.4182E-04
  0.4184E-04
  0.4186E-04
  0.4188E-04
  0.4190E-04
  0.4192E-04
  0.4194E-04
  0.4196E-04
  0.4198E-04
  0.4200E-04
  0.4202E-04
  0.4204E-04
  0.4206E-04
  0.4208E-04
  0.4210E-04
  0.4212E-04
  0.4214E-04
  0.4216E-04
  0.4218E-04
  0.4220E-04
  0.4222E-04
  0.4224E-04
  0.4226E-04
  0.4228E-04
  0.4230E-04
  0.4232E-04
  0.4234E-04
  0.4236E-04
  0.4238E-04
  0.4240E-04
  0.4242E-04
  0.4244E-04
  0.4246E-04
  0.4248E-04
  0.4250E-04
  0.4252E-04
  0.4254E-04
  0.4256E-04
  0.4258E-04
  0.4260E-04
  0.4262E-04
  0.4264E-04
  0.4266E-04
  0.4268E-04
  0.4270E-04
  0.4272E-04
  0.4274E-04
  0.4276E-04
  0.4278E-04
  0.4280E-04
  0.4282E-04
  0.4284E-04
  0.4286E-04
  0.4288E-04
  0.4290E-04
  0.4292E-04
  0.4294E-04
  0.4296E-04
  0.4298E-04
  0.4300E-04
  0.4302E-04
  0.4304E-04
  0.4306E-04
  0.4308E-04
  0.4310E-04
  0.4312E-04
  0.4314E-04
  0.4316E-04
  0.4318E-04
  0.4320E-04
  0.4322E-04
  0.4324E-04
  0.4326E-04
  0.4328E-04
  0.4330E-04
  0.4332E-04
  0.4334E-04
  0.4336E-04
  0.4338E-04
  0.4340E-04
  0.4342E-04
  0.4344E-04
  0.4346E-04
  0.4348E-04
  0.4350E-04
  0.4352E-04
  0.4354E-04
  0.4356E-04
  0.4358E-04
  0.4360E-04
  0.4362E-04
  0.4364E-04
  0.4366E-04
  0.4368E-04
  0.4370E-04
  0.4372E-04
  0.4374E-04
  0.4376E-04
  0.4378E-04
  0.4380E-04
  0.4382E-04
  0.4384E-04
  0.4386E-04
  0.4388E-04
  0.4390E-04
  0.4392E-04
  0.4394E-04
  0.4396E-04
  0.4398E-04
  0.4400E-04
  0.4402E-04
  0.4404E-04
  0.4406E-04
  0.4408E-04
  0.4410E-04
  0.4412E-04
  0.4414E-04
  0.4416E-04
  0.4418E-04
  0.4420E-04
  0.4422E-04
  0.4424E-04
  0.4426E-04
  0.4428E-04
  0.4430E-04
  0.4432E-04
  0.4434E-04
  0.4436E-04
  0.4438E-04
  0.4440E-04
  0.4442E-04
  0.4444E-04
  0.4446E-04
  0.4448E-04
  0.4450E-04
  0.4452E-04
  0.4454E-04
  0.4456E-04
  0.4458E-04
  0.4460E-04
  0.4462E-04
  0.4464E-04
  0.4466E-04
  0.4468E-04
  0.4470E-04
  0.4472E-04
  0.4474E-04
  0.4476E-04
  0.4478E-04
  0.4480E-04
  0.4482E-04
  0.4484E-04
  0.4486E-04
  0.4488E-04
  0.4490E-04
  0.4492E-04
  0.4494E-04
  0.4496E-04
  0.4498E-04
  0.4500E-04
  0.4502E-04
  0.4504E-04
  0.4506E-04
  0.4508E-04
  0.4510E-04
  0.4512E-04
  0.4514E-04
  0.4516E-04
  0.4518E-04
  0.4520E-04
  0.4522E-04
  0.4524E-04
  0.4526E-04
  0.4528E-04
  0.4530E-04
  0.4532E-04
  0.4534E-04
  0.4536E-04
  0.4538E-04
  0.4540E-04
  0.4542E-04
  0.4544E-04
  0.4546E-04
  0.4548E-04
  0.4550E-04
  0.4552E-04
  0.4554E-04
  0.4556E-04
  0.4558E-04
  0.4560E-04
  0.4562E-04
  0.4564E-04
  0.4566E-04
  0.4568E-04
  0.4570E-04
  0.4572E-04
  0.4574E-04
  0.4576E-04
  0.4578E-04
  0.4580E-04
  0.4582E-04
  0.4584E-04
  0.4586E-04
  0.4588E-04
  0.4590E-04
  0.4592E-04
  0.4594E-04
  0.4596E-04
  0.4598E-04
  0.4600E-04
  0.4602E-04
  0.4604E-04
  0.4606E-04
  0.4608E-04
  0.4610E-04
  0.4612E-04
  0.4614E-04
  0.4616E-04
  0.4618E-04
  0.4620E-04
  0.4622E-04
  0.4624E-04
  0.4626E-04
  0.4628E-04
  0.4630E-04
  0.4632E-04
  0.4634E-04
  0.4636E-04
  0.4638E-04
  0.4640E-04
  0.4642E-04
  0.4644E-04
  0.4646E-04
  0.4648E-04
  0.4650E-04
  0.4652E-04
  0.4654E-04
  0.4656E-04
  0.4658E-04
  0.4660E-04
  0.4662E-04
  0.4664E-04
  0.4666E-04
  0.4668E-04
  0.4670E-04
  0.4672E-04
  0.4674E-04
  0.4676E-04
  0.4678E-04
  0.4680E-04
  0.4682E-04
  0.4684E-04
  0.4686E-04
  0.4688E-04
  0.4690E-04
  0.4692E-04
  0.4694E-04
  0.4696E-04
  0.4698E-04
  0.4700E-04
  0.4702E-04
  0.4704E-04
  0.4706E-04
  0.4708E-04
  0.4710E-04
  0.4712E-04
  0.4714E-04
  0.4716E-04
  0.4718E-04
  0.4720E-04
  0.4722E-04
  0.4724E-04
  0.4726E-04
  0.4728E-04
  0.4730E-04
  0.4732E-04
  0.4734E-04
  0.4736E-04
  0.4738E-04
  0.4740E-04
  0.4742E-04
  0.4744E-04
  0.4746E-04
  0.4748E-04
  0.4750E-04
  0.4752E-04
  0.4754E-04
  0.4756E-04
  0.4758E-04
  0.4760E-04
  0.4762E-04
  0.4764E-04
  0.4766E-04
  0.4768E-04
  0.4770E-04
  0.4772E-04
  0.4774E-04
  0.4776E-04
  0.4778E-04
  0.4780E-04
  0.4782E-04
  0.4784E-04
  0.4786E-04
  0.4788E-04
  0.4790E-04
  0.4792E-04
  0.4794E-04
  0.4796E-04
  0.4798E-04
  0.4800E-04
  0.4802E-04
  0.4804E-04
  0.4806E-04
  0.4808E-04
  0.4810E-04
  0.4812E-04
  0.4814E-04
  0.4816E-04
  0.4818E-04
  0.4820E-04
  0.4822E-04
  0.4824E-04
  0.4826E-04
  0.4828E-04
  0.4830E-04
  0.4832E-04
  0.4834E-04
  0.4836E-04
  0.4838E-04
  0.4840E-04
  0.4842E-04
  0.4844E-04
  0.4846E-04
  0.4848E-04
  0.4850E-04
  0.4852E-04
  0.4854E-04
  0.4856E-04
  0.4858E-04
  0.4860E-04
  0.4862E-04
  0.4864E-04
  0.4866E-04
  0.4868E-04
  0.4870E-04
  0.4872E-04
  0.4874E-04
  0.4876E-04
  0.4878E-04
  0.4880E-04
  0.4882E-04
  0.4884E-04
  0.4886E-04
  0.4888E-04
  0.4890E-04
  0.4892E-04
  0.4894E-04
  0.4896E-04
  0.4898E-04
  0.4900E-04
  0.4902E-04
  0.4904E-04
  0.4906E-04
  0.4908E-04
  0.4910E-04
  0.4912E-04
  0.4914E-04
  0.4916E-04
  0.4918E-04
  0.4920E-04
  0.4922E-04
  0.4924E-04
  0.4926E-04
  0.4928E-04
  0.4930E-04
  0.4932E-04
  0.4934E-04
  0.4936E-04
  0.4938E-04
  0.4940E-04
  0.4942E-04
  0.4944E-04
  0.4946E-04
  0.4948E-04
  0.4950E-04
  0.4952E-04
  0.4954E-04
  0.4956E-04
  0.4958E-04
  0.4960E-04
  0.4962E-04
  0.4964E-04
  0.4966E-04
  0.4968E-04
  0.4970E-04
  0.4972E-04
  0.4974E-04
  0.4976E-04
  0.4978E-04
  0.4980E-04
  0.4982E-04
  0.4984E-04
  0.4986E-04
  0.4988E-04
  0.4990E-04
  0.4992E-04
  0.4994E-04
  0.4996E-04
  0.4998E-04
  0.5000E-04
  0.5002E-04
  0.5004E-04
  0.5006E-04
  0.5008E-04
  0.5010E-04
  0.5012E-04
  0.5014E-04
  0.5016E-04
  0.5018E-04
  0.5020E-04
  0.5022E-04
  0.5024E-04
  0.5026E-04
  0.5028E-04
  0.5030E-04
  0.5032E-04
  0.5034E-04
  0.5036E-04
  0.5038E-04
  0.5040E-04
  0.5042E-04
  0.5044E-04
  0.5046E-04
  0.5048E-04
  0.5050E-04
  0.5052E-04
  0.5054E-04
  0.5056E-04
  0.5058E-04
  0.5060E-04
  0.5062E-04
  0.5064E-04
  0.5066E-04
  0.5068E-04
  0.5070E-04
  0.5072E-04
  0.5074E-04
  0.5076E-04
  0.5078E-04
  0.5080E-04
  0.5082E-04
  0.5084E-04
  0.5086E-04
  0.5088E-04
  0.5090E-04
  0.5092E-04
  0.5094E-04
  0.5096E-04
  0.5098E-04
  0.5100E-04
  0.5102E-04
  0.5104E-04
  0.5106E-04
  0.5108E-04
  0.5110E-04
  0.5112E-04
  0.5114E-04
  0.5116E-04
  0.5118E-04
  0.5120E-04
  0.5122E-04
  0.5124E-04
  0.5126E-04
  0.5128E-04
  0.5130E-04
  0.5132E-04
  0.5134E-04
  0.5136E-04
  0.5138E-04
  0.5140E-04
  0.5142E-04
  0.5144E-04
  0.5146E-04
  0.5148E-04
  0.5150E-04
  0.5152E-04
  0.5154E-04
  0.5156E-04
  0.5158E-04
  0.5160E-04
  0.5162E-04
  0.5164E-04
  0.5166E-04
  0.5168E-04
  0.5170E-04
  0.5172E-04
  0.5174E-04
  0.5176E-04
  0.5178E-04
  0.5180E-04
  0.5182E-04
  0.5184E-04
  0.5186E-04
  0.5188E-04
  0.5190E-04
  0.5192E-04
  0.5194E-04
  0.5196E-04
  0.5198E-04
  0.5200E-04
  0.5202E-04
  0.5204E-04
  0.5206E-04
  0.5208E-04
  0.5210E-04
  0.5212E-04
  0.5214E-04
  0.5216E-04
  0.5218E-04
  0.5220E-04
  0.5222E-04
  0.5224E-04
  0.5226E-04
  0.5228E-04
  0.5230E-04
  0.5232E-04
  0.5234E-04
  0.5236E-04
  0.5238E-04
  0.5240E-04
  0.5242E-04
  0.5244E-04
  0.5246E-04
  0.5248E-04
  0.5250E-04
  0.5252E-04
  0.5254E-04
  0.5256E-04
  0.5258E-04
  0.5260E-04
  0.5262E-04
  0.5264E-04
  0.5266E-04
  0.5268E-04
  0.5270E-04
  0.5272E-04
  0.5274E-04
  0.5276E-04
  0.5278E-04
  0.5280E-04
  0.5282E-04
  0.5284E-04
  0.5286E-04
  0.5288E-04
  0.5290E-04
  0.5292E-04
  0.5294E-04
  0.5296E-04
  0.5298E-04
  0.5300E-04
  0.5302E-04
  0.5304E-04
  0.5306E-04
  0.5308E-04
  0.5310E-04
  0.5312E-04
  0.5314E-04
  0.5316E-04
  0.5318E-04
  0.5320E-04
  0.5322E-04
  0.5324E-04
  0.5326E-04
  0.5328E-04
  0.5330E-04
  0.5332E-04
  0.5334E-04
  0.5336E-04
  0.5338E-04
  0.5340E-04
  0.5342E-04
  0.5344E-04
  0.5346E-04
  0.5348E-04
  0.5350E-04
  0.5352E-04
  0.5354E-04
  0.5356E-04
  0.5358E-04
  0.5360E-04
  0.5362E-04
  0.5364E-04
  0.5366E-04
  0.5368E-04
  0.5370E-04
  0.5372E-04
  0.5374E-04
  0.5376E-04
  0.5378E-04
  0.5380E-04
  0.5382E-04
  0.5384E-04
  0.5386E-04
  0.5388E-04
  0.5390E-04
  0.5392E-04
  0.5394E-04
  0.5396E-04
  0.5398E-04
  0.5400E-04
  0.5402E-04
  0.5404E-04
  0.5406E-04
  0.5408E-04
  0.5410E-04
  0.5412E-04
  0.5414E-04
  0.5416E-04
  0.5418E-04
  0.5420E-04
  0.5422E-04
  0.5424E-04
  0.5426E-04
  0.5428E-04
  0.5430E-04
  0.5432E-04
  0.5434E-04
  0.5436E-04
  0.5438E-04
  0.5440E-04
  0.5442E-04
  0.5444E-04
  0.5446E-04
  0.5448E-04
  0.5450E-04
  0.5452E-04
  0.5454E-04
  0.5456E-04
  0.5458E-04
  0.5460E-04
  0.5462E-04
  0.5464E-04
  0.5466E-04
  0.5468E-04
  0.5470E-04
  0.5472E-04
  0.5474E-04
  0.5476E-04
  0.5478E-04
  0.5480E-04
  0.5482E-04
  0.5484E-04
  0.5486E-04
  0.5488E-04
  0.5490E-04
  0.5492E-04
  0.5494E-04
  0.5496E-04
  0.5498E-04
  0.5500E-04
  0.5502E-04
  0.5504E-04
  0.5506E-04
  0.5508E-04
  0.5510E-04
  0.5512E-04
  0.5514E-04
  0.5516E-04
  0.5518E-04
  0.5520E-04
  0.5522E-04
  0.5524E-04
  0.5526E-04
  0.5528E-04
  0.5530E-04
  0.5532E-04
  0.5534E-04
  0.5536E-04
  0.5538E-04
  0.5540E-04
  0.5542E-04
  0.5544E-04
  0.5546E-04
  0.5548E-04
  0.5550E-04
  0.5552E-04
  0.5554E-04
  0.5556E-04
  0.5558E-04
  0.5560E-04
  0.5562E-04
  0.5564E-04
  0.5566E-04
  0.5568E-04
  0.5570E-04
  0.5572E-04
  0.5574E-04
  0.5576E-04
  0.5578E-04
  0.5580E-04
  0.5582E-04
  0.5584E-04
  0.5586E-04
  0.5588E-04
  0.5590E-04
  0.5592E-04
  0.5594E-04
  0.5596E-04
  0.5598E-04
  0.5600E-04
  0.5602E-04
  0.5604E-04
  0.5606E-04
  0.5608E-04
  0.5610E-04
  0.5612E-04
  0.5614E-04
  0.5616E-04
  0.5618E-04
  0.5620E-04
  0.5622E-04
  0.5624E-04
  0.5626E-04
  0.5628E-04
  0.5630E-04
  0.5632E-04
  0.5634E-04
  0.5636E-04
  0.5638E-04
  0.5640E-04
  0.5642E-04
  0.5644E-04
  0.5646E-04
  0.5648E-04
  0.5650E-04
  0.5652E-04
  0.5654E-04
  0.5656E-04
  0.5658E-04
  0.5660E-04
  0.5662E-04
  0.5664E-04
  0.5666E-04
  0.5668E-04
  0.5670E-04
  0.5672E-04
  0.5674E-04
  0.5676E-04
  0.5678E-04
  0.5680E-04
  0.5682E-04
  0.5684E-04
  0.5686E-04
  0.5688E-04
  0.5690E-04
  0.5692E-04
  0.5694E-04
  0.5696E-04
  0.5698E-04
  0.5700E-04
  0.5702E-04
  0.5704E-04
  0.5706E-04
  0.5708E-04
  0.5710E-04
  0.5712E-04
  0.5714E-04
  0.5716E-04
  0.5718E-04
  0.5720E-04
  0.5722E-04
  0.5724E-04
  0.5726E-04
  0.5728E-04
  0.5730E-04
  0.5732E-04
  0.5734E-04
  0.5736E-04
  0.5738E-04
  0.5740E-04
  0.5742E-04
  0.5744E-04
  0.5746E-04
  0.5748E-04
  0.5750E-04
  0.5752E-04
  0.5754E-04
  0.5756E-04
  0.5758E-04
  0.5760E-04
  0.5762E-04
  0.5764E-04
  0.5766E-04
  0.5768E-04
  0.5770E-04
  0.5772E-04
  0.5774E-04
  0.5776E-04
  0.5778E-04
  0.5780E-04
  0.5782E-04
  0.5784E-04
  0.5786E-04
  0.5788E-04
  0.5790E-04
  0.5792E-04
  0.5794E-04
  0.5796E-04
  0.5798E-04
  0.5800E-04
  0.5802E-04
  0.5804E-04
  0.5806E-04
  0.5808E-04
  0.5810E-04
  0.5812E-04
  0.5814E-04
  0.5816E-04
  0.5818E-04
  0.5820E-04
  0.5822E-04
  0.5824E-04
  0.5826E-04
  0.5828E-04
  0.5830E-04
  0.5832E-04
  0.5834E-04
  0.5836E-04
  0.5838E-04
  0.5840E-04
  0.5842E-04
  0.5844E-04
  0.5846E-04
  0.5848E-04
  0.5850E-04
  0.5852E-04
  0.5854E-04
  0.5856E-04
  0.5858E-04
  0.5860E-04
  0.5862E-04
  0.5864E-04
  0.5866E-04
  0.5868E-04
  0.5870E-04
  0.5872E-04
  0.5874E-04
  0.5876E-04
  0.5878E-04
  0.5880E-04
  0.5882E-04
  0.5884E-04
  0.5886E-04
  0.5888E-04
  0.5890E-04
  0.5892E-04
  0.5894E-04
  0.5896E-04
  0.5898E-04
  0.5900E-04
  0.5902E-04
  0.5904E-04
  0.5906E-04
  0.5908E-04
  0.5910E-04
  0.5912E-04
  0.5914E-04
  0.5916E-04
  0.5918E-04
  0.5920E-04
  0.5922E-04
  0.5924E-04
  0.5926E-04
  0.5928E-04
  0.5930E-04
  0.5932E-04
  0.5934E-04
  0.5936E-04
  0.5938E-04
  0.5940E-04
  0.5942E-04
  0.5944E-04
  0.5946E-04
  0.5948E-04
  0.5950E-04
  0.5952E-04
  0.5954E-04
  0.5956E-04
  0.5958E-04
  0.5960E-04
  0.5962E-04
  0.5964E-04
  0.5966E-04
  0.5968E-04
  0.5970E-04
  0.5972E-04
  0.5974E-04
  0.5976E-04
  0.5978E-04
  0.5980E-04
  0.5982E-04
  0.5984E-04
  0.5986E-04
  0.5988E-04
  0.5990E-04
  0.5992E-04
  0.5994E-04
  0.5996E-04
  0.5998E-04
  0.6000E-04
  0.6002E-04
  0.6004E-04
  0.6006E-04
  0.6008E-04
  0.6010E-04
  0.6012E-04
  0.6014E-04
  0.6016E-04
  0.6018E-04
  0.6020E-04
  0.6022E-04
  0.6024E-04
  0.6026E-04
  0.6028E-04
  0.6030E-04
  0.6032E-04
  0.6034E-04
  0.6036E-04
  0.6038E-04
  0.6040E-04
  0.6042E-04
  0.6044E-04
  0.6046E-04
  0.6048E-04
  0.6050E-04
  0.6052E-04
  0.6054E-04
  0.6056E-04
  0.6058E-04
  0.6060E-04
  0.6062E-04
  0.6064E-04
  0.6066E-04
  0.6068E-04
  0.6070E-04
  0.6072E-04
  0.6074E-04
  0.6076E-04
  0.6078E-04
  0.6080E-04
  0.6082E-04
  0.6084E-04
  0.6086E-04
  0.6088E-04
  0.6090E-04
  0.6092E-04
  0.6094E-04
  0.6096E-04
  0.6098E-04
  0.6100E-04
  0.6102E-04
  0.6104E-04
  0.6106E-04
  0.6108E-04
  0.6110E-04
  0.6112E-04
  0.6114E-04
  0.6116E-04
  0.6118E-04
  0.6120E-04
  0.6122E-04
  0.6124E-04
  0.6126E-04
  0.6128E-04
  0.6130E-04
  0.6132E-04
  0.6134E-04
  0.6136E-04
  0.6138E-04
  0.6140E-04
  0.6142E-04
  0.6144E-04
  0.6146E-04
  0.6148E-04
  0.6150E-04
  0.6152E-04
  0.6154E-04
  0.6156E-04
  0.6158E-04
  0.6160E-04
  0.6162E-04
  0.6164E-04
  0.6166E-04
  0.6168E-04
  0.6170E-04
  0.6172E-04
  0.6174E-04
  0.6176E-04
  0.6178E-04
  0.6180E-04
  0.6182E-04
  0.6184E-04
  0.6186E-04
  0.6188E-04
  0.6190E-04
  0.6192E-04
  0.6194E-04
  0.6196E-04
  0.6198E-04
  0.6200E-04
  0.6202E-04
  0.6204E-04
  0.6206E-04
  0.6208E-04
  0.6210E-04
  0.6212E-04
  0.6214E-04
  0.6216E-04
  0.6218E-04
  0.6220E-04
  0.6222E-04
  0.6224E-04
  0.6226E-04
  0.6228E-04
  0.6230E-04
  0.6232E-04
  0.6234E-04
  0.6236E-04
  0.6238E-04
  0.6240E-04
  0.6242E-04
  0.6244E-04
  0.6246E-04
  0.6248E-04
  0.6250E-04
  0.6252E-04
  0.6254E-04
  0.6256E-04
  0.6258E-04
  0.6260E-04
  0.6262E-04
  0.6264E-04
  0.6266E-04
  0.6268E-04
  0.6270E-04
  0.6272E-04
  0.6274E-04
  0.6276E-04
  0.6278E-04
  0.6280E-04
  0.6282E-04
  0.6284E-04
  0.6286E-04
  0.6288E-04
  0.6290E-04
  0.6292E-04
  0.6294E-04
  0.6296E-04
  0.6298E-04
  0.6300E-04
  0.6302E-04
  0.6304E-04
  0.6306E-04
  0.6308E-04
  0.6310E-04
  0.6312E-04
  0.6314E-04
  0.6316E-04
  0.6318E-04
  0.6320E-04
  0.6322E-04
  0.6324E-04
  0.6326E-04
  0.6328E-04
  0.6330E-04
  0.6332E-04
  0.6334E-04
  0.6336E-04
  0.6338E-04
  0.6340E-04
  0.6342E-04
  0.6344E-04
  0.6346E-04
  0.6348E-04
  0.6350E-04
  0.6352E-04
  0.6354E-04
  0.6356E-04
  0.6358E-04
  0.6360E-04
  0.6362E-04
  0.6364E-04
  0.6366E-04
  0.6368E-04
  0.6370E-04
  0.6372E-04
  0.6374E-04
  0.6376E-04
  0.6378E-04
  0.6380E-04
  0.6382E-04
  0.6384E-04
  0.6386E-04
  0.6388E-04
  0.6390E-04
  0.6392E-04
  0.6394E-04
  0.6396E-04
  0.6398E-04
  0.6400E-04
  0.6402E-04
  0.6404E-04
  0.6406E-04
  0.6408E-04
  0.6410E-04
  0.6412E-04
  0.6414E-04
  0.6416E-04
  0.6418E-04
  0.6420E-04
  0.6422E-04
  0.6424E-04
  0.6426E-04
  0.6428E-04
  0.6430E-04
  0.6432E-04
  0.6434E-04
  0.6436E-04
  0.6438E-04
  0.6440E-04
  0.6442E-04
  0.6444E-04
  0.6446E-04
  0.6448E-04
  0.6450E-04
  0.6452E-04
  0.6454E-04
  0.6456E-04
  0.6458E-04
  0.6460E-04
  0.6462E-04
  0.6464E-04
  0.6466E-04
  0.6468E-04
  0.6470E-04
  0.6472E-04
  0.6474E-04
  0.6476E-04
  0.6478E-04
  0.6480E-04
  0.6482E-04
  0.6484E-04
  0.6486E-04
  0.6488E-04
  0.6490E-04
  0.6492E-04
  0.6494E-04
  0.6496E-04
  0.6498E-04
  0.6500E-04
  0.6502E-04
  0.6504E-04
  0.6506E-04
  0.6508E-04
  0.6510E-04
  0.6512E-04
  0.6514E-04
  0.6516E-04
  0.6518E-04
  0.6520E-04
  0.6522E-04
  0.6524E-04
  0.6526E-04
  0.6528E-04
  0.6530E-04
  0.6532E-04
  0.6534E-04
  0.6536E-04
  0.6538E-04
  0.6540E-04
  0.6542E-04
  0.6544E-04
  0.6546E-04
  0.6548E-04
  0.6550E-04
  0.6552E-04
  0.6554E-04
  0.6556E-04
  0.6558E-04
  0.6560E-04
  0.6562E-04
  0.6564E-04
  0.6566E-04
  0.6568E-04
  0.6570E-04
  0.6572E-04
  0.6574E-04
  0.6576E-04
  0.6578E-04
  0.6580E-04
  0.6582E-04
  0.6584E-04
  0.6586E-04
  0.6588E-04
  0.6590E-04
  0.6592E-04
  0.6594E-04
  0.6596E-04
  0.6598E-04
  0.6600E-04
  0.6602E-04
  0.6604E-04
  0.6606E-04
  0.6608E-04
  0.6610E-04
  0.6612E-04
  0.6614E-04
  0.6616E-04
  0.6618E-04
  0.6620E-04
  0.6622E-04
  0.6624E-04
  0.6626E-04
  0.6628E-04
  0.6630E-04
  0.6632E-04
  0.6634E-04
  0.6636E-04
  0.6638E-04
  0.6640E-04
  0.6642E-04
  0.6644E-04
  0.6646E-04
  0.6648E-04
  0.6650E-04
  0.6652E-04
  0.6654E-04
  0.6656E-04
  0.6658E-04
  0.6660E-04
  0.6662E-04
  0.6664E-04
  0.6666E-04
  0.6668E-04
  0.6670E-04
  0.6672E-04
  0.6674E-04
  0.6676E-04
  0.6678E-04
  0.6680E-04
  0.6682E-04
  0.6684E-04
  0.6686E-04
  0.6688E-04
  0.6690E-04
  0.6692E-04
  0.6694E-04
  0.6696E-04
  0.6698E-04
  0.6700E-04
  0.6702E-04
  0.6704E-04
  0.6706E-04
  0.6708E-04
  0.6710E-04
  0.6712E-04
  0.6714E-04
  0.6716E-04
  0.6718E-04
  0.6720E-04
  0.6722E-04
  0.6724E-04
  0.6726E-04
  0.6728E-04
  0.6730E-04
  0.6732E-04
  0.6734E-04
  0.6736E-04
  0.6738E-04
  0.6740E-04
  0.6742E-04
  0.6744E-04
  0.6746E-04
  0.6748E-04
  0.6750E-04
  0.6752E-04
  0.6754E-04
  0.6756E-04
  0.6758E-04
  0.6760E-04
  0.6762E-04
  0.6764E-04
  0.6766E-04
  0.6768E-04
  0.6770E-04
  0.6772E-04
  0.6774E-04
  0.6776E-04
  0.6778E-04
  0.6780E-04
  0.6782E-04
  0.6784E-04
  0.6786E-04
  0.6788E-04
  0.6790E-04
  0.6792E-04
  0.6794E-04
  0.6796E-04
  0.6798E-04
  0.6800E-04
  0.6802E-04
  0.6804E-04
  0.6806E-04
  0.6808E-04
  0.6810E-04
  0.6812E-04
  0.6814E-04
  0.6816E-04
  0.6818E-04
  0.6820E-04
  0.6822E-04
  0.6824E-04
  0.6826E-04
  0.6828E-04
  0.6830E-04
  0.6832E-04
  0.6834E-04
  0.6836E-04
  0.6838E-04
  0.6840E-04
  0.6842E-04
  0.6844E-04
  0.6846E-04
  0.6848E-04
  0.6850E-04
  0.6852E-04
  0.6854E-04
  0.6856E-04
  0.6858E-04
  0.6860E-04
  0.6862E-04
  0.6864E-04
  0.6866E-04
  0.6868E-04
  0.6870E-04
  0.6872E-04
  0.6874E-04
  0.6876E-04
  0.6878E-04
  0.6880E-04
  0.6882E-04
  0.6884E-04
  0.6886E-04
  0.6888E-04
  0.6890E-04
  0.6892E-04
  0.6894E-04
  0.6896E-04
  0.6898E-04
  0.6900E-04
  0.6902E-04
  0.6904E-04
  0.6906E-04
  0.6908E-04
  0.6910E-04
  0.6912E-04
  0.6914E-04
  0.6916E-04
  0.6918E-04
  0.6920E-04
  0.6922E-04
  0.6924E-04
  0.6926E-04
  0.6928E-04
  0.6930E-04
  0.6932E-04
  0.6934E-04
  0.6936E-04
  0.6938E-04
  0.6940E-04
  0.6942E-04
  0.6944E-04
  0.6946E-04
  0.6948E-04
  0.6950E-04
  0.6952E-04
  0.6954E-04
  0.6956E-04
  0.6958E-04
  0.6960E-04
  0.6962E-04
  0.6964E-04
  0.6966E-04
  0.6968E-04
  0.6970E-04
  0.6972E-04
  0.6974E-04
  0.6976E-04
  0.6978E-04
  0.6980E-04
  0.6982E-04
  0.6984E-04
  0.6986E-04
  0.6988E-04
  0.6990E-04
  0.6992E-04
  0.6994E-04
  0.6996E-04
  0.6998E-04
  0.7000E-04
  0.7002E-04
  0.7004E-04
  0.7006E-04
  0.7008E-04
  0.7010E-04
  0.7012E-04
  0.7014E-04
  0.7016E-04
  0.7018E-04
  0.7020E-04
  0.7022E-04
  0.7024E-04
  0.7026E-04
  0.7028E-04
  0.7030E-04
  0.7032E-04
  0.7034E-04
  0.7036E-04
  0.7038E-04
  0.7040E-04
  0.7042E-04
  0.7044E-04
  0.7046E-04
  0.7048E-04
  0.7050E-04
  0.7052E-04
  0.7054E-04
  0.7056E-04
  0.7058E-04
  0.7060E-04
  0.7062E-04
  0.7064E-04
  0.7066E-04
  0.7068E-04
  0.7070E-04
  0.7072E-04
  0.7074E-04
  0.7076E-04
  0.7078E-04
  0.7080E-04
  0.7082E-04
  0.7084E-04
  0.7086E-04
  0.7088E-04
  0.7090E-04
  0.7092E-04
  0.7094E-04
  0.7096E-04
  0.7098E-04
  0.7100E-04
  0.7102E-04
  0.7104E-04
  0.7106E-04
  0.7108E-04
  0.7110E-04
  0.7112E-04
  0.7114E-04
  0.7116E-04
  0.7118E-04
  0.7120E-04
  0.7122E-04
  0.7124E-04
  0.7126E-04
  0.7128E-04
  0.7130E-04
  0.7132E-04
  0.7134E-04
  0.7136E-04
  0.7138E-04
  0.7140E-04
  0.7142E-04
  0.7144E-04
  0.7146E-04
  0.7148E-04
  0.7150E-04
  0.7152E-04
  0.7154E-04
  0.7156E-04
  0.7158E-04
  0.7160E-04
  0.7162E-04
  0.7164E-04
  0.7166E-04
  0.7168E-04
  0.7170E-04
  0.7172E-04
  0.7174E-04
  0.7176E-04
  0.7178E-04
  0.7180E-04
  0.7182E-04
  0.7184E-04
  0.7186E-04
  0.7188E-04
  0.7190E-04
  0.7192E-04
  0.7194E-04
  0.7196E-04
  0.7198E-04
  0.7200E-04
  0.7202E-04
  0.7204E-04
  0.7206E-04
  0.7208E-04
  0.7210E-04
  0.7212E-04
  0.7214E-04
  0.7216E-04
  0.7218E-04
  0.7220E-04
  0.7222E-04
  0.7224E-04
  0.7226E-04
  0.7228E-04
  0.7230E-04
  0.7232E-04
  0.7234E-04
  0.7236E-04
  0.7238E-04
  0.7240E-04
  0.7242E-04
  0.7244E-04
  0.7246E-04
  0.7248E-04
  0.7250E-04
  0.7252E-04
  0.7254E-04
  0.7256E-04
  0.7258E-04
  0.7260E-04
  0.7262E-04
  0.7264E-04
  0.7266E-04
  0.7268E-04
  0.7270E-04
  0.7272E-04
  0.7274E-04
  0.7276E-04
  0.7278E-04
  0.7280E-04
  0.7282E-04
  0.7284E-04
  0.7286E-04
  0.7288E-04
  0.7290E-04
  0.7292E-04
  0.7294E-04
  0.7296E-04
  0.7298E-04
  0.7300E-04
  0.7302E-04
  0.7304E-04
  0.7306E-04
  0.7308E-04
  0.7310E-04
  0.7312E-04
  0.7314E-04
  0.7316E-04
  0.7318E-04
  0.7320E-04
  0.7322E-04
  0.7324E-04
  0.7326E-04
  0.7328E-04
  0.7330E-04
  0.7332E-04
  0.7334E-04
  0.7336E-04
  0.7338E-04
  0.7340E-04
  0.7342E-04
  0.7344E-04
  0.7346E-04
  0.7348E-04
  0.7350E-04
  0.7352E-04
  0.7354E-04
  0.7356E-04
  0.7358E-04
  0.7360E-04
  0.7362E-04
  0.7364E-04
  0.7366E-04
  0.7368E-04
  0.7370E-04
  0.7372E-04
  0.7374E-04
  0.7376E-04
  0.7378E-04
  0.7380E-04
  0.7382E-04
  0.7384E-04
  0.7386E-04
  0.7388E-04
  0.7390E-04
  0.7392E-04
  0.7394E-04
  0.7396E-04
  0.7398E-04
  0.7400E-04
  0.7402E-04
  0.7404E-04
  0.7406E-04
  0.7408E-04
  0.7410E-04
  0.7412E-04
  0.7414E-04
  0.7416E-04
  0.7418E-04
  0.7420E-04
  0.7422E-04
  0.7424E-04
  0.7426E-04
  0.7428E-04
  0.7430E-04
  0.7432E-04
  0.7434E-04
  0.7436E-04
  0.7438E-04
  0.7440E-04
  0.7442E-04
  0.7444E-04
  0.7446E-04
  0.7448E-04
  0.7450E-04
  0.7452E-04
  0.7454E-04
  0.7456E-04
  0.7458E-04
  0.7460E-04
  0.7462E-04
  0.7464E-04
  0.7466E-04
  0.7468E-04
  0.7470E-04
  0.7472E-04
  0.7474E-04
  0.7476E-04
  0.7478E-04
  0.7480E-04
  0.7482E-04
  0.7484E-04
  0.7486E-04
  0.7488E-04
  0.7490E-04
  0.7492E-04
  0.7494E-04
  0.7496E-04
  0.7498E-04
  0.7500E-04
  0.7502E-04
  0.7504E-04
  0.7506E-04
  0.7508E-04
  0.7510E-04
  0.7512E-04
  0.7514E-04
  0.7516E-04
  0.7518E-04
  0.7520E-04
  0.7522E-04
  0.7524E-04
  0.7526E-04
  0.7528E-04
  0.7530E-04
  0.7532E-04
  0.7534E-04
  0.7536E-04
  0.7538E-04
  0.7540E-04
  0.7542E-04
  0.7544E-04
  0.7546E-04
  0.7548E-04
  0.7550E-04
  0.7552E-04
  0.7554E-04
  0.7556E-04
  0.7558E-04
  0.7560E-04
  0.7562E-04
  0.7564E-04
  0.7566E-04
  0.7568E-04
  0.7570E-04
  0.7572E-04
  0.7574E-04
  0.7576E-04
  0.7578E-04
  0.7580E-04
  0.7582E-04
  0.7584E-04
  0.7586E-04
  0.7588E-04
  0.7590E-04
  0.7592E-04
  0.7594E-04
  0.7596E-04
  0.7598E-04
  0.7600E-04
  0.7602E-04
  0.7604E-04
  0.7606E-04
  0.7608E-04
  0.7610E-04
  0.7612E-04
  0.7614E-04
  0.7616E-04
  0.7618E-04
  0.7620E-04
  0.7622E-04
  0.7624E-04
  0.7626E-04
  0.7628E-04
  0.7630E-04
  0.7632E-04
  0.7634E-04
  0.7636E-04
  0.7638E-04
  0.7640E-04
  0.7642E-04
  0.7644E-04
  0.7646E-04
  0.7648E-04
  0.7650E-04
  0.7652E-04
  0.7654E-04
  0.7656E-04
  0.7658E-04
  0.7660E-04
  0.7662E-04
  0.7664E-04
  0.7666E-04
  0.7668E-04
  0.7670E-04
  0.7672E-04
  0.7674E-04
  0.7676E-04
  0.7678E-04
  0.7680E-04
  0.7682E-04
  0.7684E-04
  0.7686E-04
  0.7688E-04
  0.7690E-04
  0.7692E-04
  0.7694E-04
  0.7696E-04
  0.7698E-04
  0.7700E-04
  0.7702E-04
  0.7704E-04
  0.7706E-04
  0.7708E-04
  0.7710E-04
  0.7712E-04
  0.7714E-04
  0.7716E-04
  0.7718E-04
  0.7720E-04
  0.7722E-04
  0.7724E-04
  0.7726E-04
  0.7728E-04
  0.7730E-04
  0.7732E-04
  0.7734E-04
  0.7736E-04
  0.7738E-04
  0.7740E-04
  0.7742E-04
  0.7744E-04
  0.7746E-04
  0.7748E-04
  0.7750E-04
  0.7752E-04
  0.7754E-04
  0.7756E-04
  0.7758E-04
  0.7760E-04
  0.7762E-04
  0.7764E-04
  0.7766E-04
  0.7768E-04
  0.7770E-04
  0.7772E-04
  0.7774E-04
  0.7776E-04
  0.7778E-04
  0.7780E-04
  0.7782E-04
  0.7784E-04
  0.7786E-04
  0.7788E-04
  0.7790E-04
  0.7792E-04
  0.7794E-04
  0.7796E-04
  0.7798E-04
  0.7800E-04
  0.7802E-04
  0.7804E-04
  0.7806E-04
  0.7808E-04
  0.7810E-04
  0.7812E-04
  0.7814E-04
  0.7816E-04
  0.7818E-04
  0.7820E-04
  0.7822E-04
  0.7824E-04
  0.7826E-04
  0.7828E-04
  0.7830E-04
  0.7832E-04
  0.7834E-04
  0.7836E-04
  0.7838E-04
  0.7840E-04
  0.7842E-04
  0.7844E-04
  0.7846E-04
  0.7848E-04
  0.7850E-04
  0.7852E-04
  0.7854E-04
  0.7856E-04
  0.7858E-04
  0.7860E-04
  0.7862E-04
  0.7864E-04
  0.7866E-04
  0.7868E-04
  0.7870E-04
  0.7872E-04
  0.7874E-04
  0.7876E-04
  0.7878E-04
  0.7880E-04
  0.7882E-04
  0.7884E-04
  0.7886E-04
  0.7888E-04
  0.7890E-04
  0.7892E-04
  0.7894E-04
  0.7896E-04
  0.7898E-04
  0.7900E-04
  0.7902E-04
  0.7904E-04
  0.7906E-04
  0.7908E-04
  0.7910E-04
  0.7912E-04
  0.7914E-04
  0.7916E-04
  0.7918E-04
  0.7920E-04
  0.7922E-04
  0.7924E-04
  0.7926E-04
  0.7928E-04
  0.7930E-04
  0.7932E-04
  0.7934E-04
  0.7936E-04
  0.7938E-04
  0.7940E-04
  0.7942E-04
  0.7944E-04
  0.7946E-04
  0.7948E-04
  0.7950E-04
  0.7952E-04
  0.7954E-04
  0.7956E-04
  0.7958E-04
  0.7960E-04
  0.7962E-04
  0.7964E-04
  0.7966E-04
  0.7968E-04
  0.7970E-04
  0.7972E-04
  0.7974E-04
  0.7976E-04
  0.7978E-04
  0.7980E-04
  0.7982E-04
  0.7984E-04
  0.7986E-04
  0.7988E-04
  0.7990E-04
  0.7992E-04
  0.7994E-04
  0.7996E-04
  0.7998E-04
  0.8000E-04
  0.8002E-04
  0.8004E-04
  0.8006E-04
  0.8008E-04
  0.8010E-04
  0.8012E-04
  0.8014E-04
  0.8016E-04
  0.8018E-04
  0.8020E-04
  0.8022E-04
  0.8024E-04
  0.8026E-04
  0.8028E-04
  0.8030E-04
  0.8032E-04
  0.8034E-04
  0.8036E-04
  0.8038E-04
  0.8040E-04
  0.8042E-04
  0.8044E-04
  0.8046E-04
  0.8048E-04
  0.8050E-04
  0.8052E-04
  0.8054E-04
  0.8056E-04
  0.8058E-04
  0.8060E-04
  0.8062E-04
  0.8064E-04
  0.8066E-04
  0.8068E-04
  0.8070E-04
  0.8072E-04
  0.8074E-04
  0.8076E-04
  0.8078E-04
  0.8080E-04
  0.8082E-04
  0.8084E-04
  0.8086E-04
  0.8088E-04
  0.8090E-04
  0.8092E-04
  0.8094E-04
  0.8096E-04
  0.8098E-04
  0.8100E-04
  0.8102E-04
  0.8104E-04
  0.8106E-04
  0.8108E-04
  0.8110E-04
  0.8112E-04
  0.8114E-04
  0.8116E-04
  0.8118E-04
  0.8120E-04
  0.8122E-04
  0.8124E-04
  0.8126E-04
  0.8128E-04
  0.8130E-04
  0.8132E-04
  0.8134E-04
  0.8136E-04
  0.8138E-04
  0.8140E-04
  0.8142E-04
  0.8144E-04
  0.8146E-04
  0.8148E-04
  0.8150E-04
  0.8152E-04
  0.8154E-04
  0.8156E-04
  0.8158E-04
  0.8160E-04
  0.8162E-04
  0.8164E-04
  0.8166E-04
  0.8168E-04
  0.8170E-04
  0.8172E-04
  0.8174E-04
  0.8176E-04
  0.8178E-04
  0.8180E-04
  0.8182E-04
  0.8184E-04
  0.8186E-04
  0.8188E-04
  0.8190E-04
  0.8192E-04
  0.8194E-04
  0.8196E-04
  0.8198E-04
  0.8200E-04
  0.8202E-04
  0.8204E-04
  0.8206E-04
  0.8208E-04
  0.8210E-04
  0.8212E-04
  0.8214E-04
  0.8216E-04
  0.8218E-04
  0.8220E-04
  0.8222E-04
  0.8224E-04
  0.8226E-04
  0.8228E-04
  0.8230E-04
  0.8232E-04
  0.8234E-04
  0.8236E-04
  0.8238E-04
  0.8240E-04
  0.8242E-04
  0.8244E-04
  0.8246E-04
  0.8248E-04
  0.8250E-04
  0.8252E-04
  0.8254E-04
  0.8256E-04
  0.8258E-04
  0.8260E-04
  0.8262E-04
  0.8264E-04
  0.8266E-04
  0.8268E-04
  0.8270E-04
  0.8272E-04
  0.8274E-04
  0.8276E-04
  0.8278E-04
  0.8280E-04
  0.8282E-04
  0.8284E-04
  0.8286E-04
  0.8288E-04
  0.8290E-04
  0.8292E-04
  0.8294E-04
  0.8296E-04
  0.8298E-04
  0.8300E-04
  0.8302E-04
  0.8304E-04
  0.8306E-04
  0.8308E-04
  0.8310E-04
  0.8312E-04
  0.8314E-04
  0.8316E-04
  0.8318E-04
  0.8320E-04
  0.8322E-04
  0.8324E-04
  0.8326E-04
  0.8328E-04
  0.8330E-04
  0.8332E-04
  0.8334E-04
  0.8336E-04
  0.8338E-04
  0.8340E-04
  0.8342E-04
  0.8344E-04
  0.8346E-04
  0.8348E-04
  0.8350E-04
  0.8352E-04
  0.8354E-04
  0.8356E-04
  0.8358E-04
  0.8360E-04
  0.8362E-04
  0.8364E-04
  0.8366E-04
  0.8368E-04
  0.8370E-04
  0.8372E-04
  0.8374E-04
  0.8376E-04
  0.8378E-04
  0.8380E-04
  0.8382E-04
  0.8384E-04
  0.8386E-04
  0.8388E-04
  0.8390E-04
  0.8392E-04
  0.8394E-04
  0.8396E-04
  0.8398E-04
  0.8400E-04
  0.8402E-04
  0.8404E-04
  0.8406E-04
  0.8408E-04
  0.8410E-04
  0.8412E-04
  0.8414E-04
  0.8416E-04
  0.8418E-04
  0.8420E-04
  0.8422E-04
  0.8424E-04
  0.8426E-04
  0.8428E-04
  0.8430E-04
  0.8432E-04
  0.8434E-04
  0.8436E-04
  0.8438E-04
  0.8440E-04
  0.8442E-04
  0.8444E-04
  0.8446E-04
  0.8448E-04
  0.8450E-04
  0.8452E-04
  0.8454E-04
  0.8456E-04
  0.8458E-04
  0.8460E-04
  0.8462E-04
  0.8464E-04
  0.8466E-04
  0.8468E-04
  0.8470E-04
  0.8472E-04
  0.8474E-04
  0.8476E-04
  0.8478E-04
  0.8480E-04
  0.8482E-04
  0.8484E-04
  0.8486E-04
  0.8488E-04
  0.8490E-04
  0.8492E-04
  0.8494E-04
  0.8496E-04
  0.8498E-04
  0.8500E-04
  0.8502E-04
  0.8504E-04
  0.8506E-04
  0.8508E-04
  0.8510E-04
  0.8512E-04
  0.8514E-04
  0.8516E-04
  0.8518E-04
  0.8520E-04
  0.8522E-04
  0.8524E-04
  0.8526E-04
  0.8528E-04
  0.8530E-04
  0.8532E-04
  0.8534E-04
  0.8536E-04
  0.8538E-04
  0.8540E-04
  0.8542E-04
  0.8544E-04
  0.8546E-04
  0.8548E-04
  0.8550E-04
  0.8552E-04
  0.8554E-04
  0.8556E-04
  0.8558E-04
  0.8560E-04
  0.8562E-04
  0.8564E-04
  0.8566E-04
  0.8568E-04
  0.8570E-04
  0.8572E-04
  0.8574E-04
  0.8576E-04
  0.8578E-04
  0.8580E-04
  0.8582E-04
  0.8584E-04
  0.8586E-04
  0.8588E-04
  0.8590E-04
  0.8592E-04
  0.8594E-04
  0.8596E-04
  0.8598E-04
  0.8600E-04
  0.8602E-04
  0.8604E-04
  0.8606E-04
  0.8608E-04
  0.8610E-04
  0.8612E-04
  0.8614E-04
  0.8616E-04
  0.8618E-04
  0.8620E-04
  0.8622E-04
  0.8624E-04
  0.8626E-04
  0.8628E-04
  0.8630E-04
  0.8632E-04
  0.8634E-04
  0.8636E-04
  0.8638E-04
  0.8640E-04
  0.8642E-04
  0.8644E-04
  0.8646E-04
  0.8648E-04
  0.8650E-04
  0.8652E-04
  0.8654E-04
  0.8656E-04
  0.8658E-04
  0.8660E-04
  0.8662E-04
  0.8664E-04
  0.8666E-04
  0.8668E-04
  0.8670E-04
  0.8672E-04
  0.8674E-04
  0.8676E-04
  0.8678E-04
  0.8680E-04
  0.8682E-04
  0.8684E-04
  0.8686E-04
  0.8688E-04
  0.8690E-04
  0.8692E-04
  0.8694E-04
  0.8696E-04
  0.8698E-04
  0.8700E-04
  0.8702E-04
  0.8704E-04
  0.8706E-04
  0.8708E-04
  0.8710E-04
  0.8712E-04
  0.8714E-04
  0.8716E-04
  0.8718E-04
  0.8720E-04
  0.8722E-04
  0.8724E-04
  0.8726E-04
  0.8728E-04
  0.8730E-04
  0.8732E-04
  0.8734E-04
  0.8736E-04
  0.8738E-04
  0.8740E-04
  0.8742E-04
  0.8744E-04
  0.8746E-04
  0.8748E-04
  0.8750E-04
  0.8752E-04
  0.8754E-04
  0.8756E-04
  0.8758E-04
  0.8760E-04
  0.8762E-04
  0.8764E-04
  0.8766E-04
  0.8768E-04
  0.8770E-04
  0.8772E-04
  0.8774E-04
  0.8776E-04
  0.8778E-04
  0.8780E-04
  0.8782E-04
  0.8784E-04
  0.8786E-04
  0.8788E-04
  0.8790E-04
  0.8792E-04
  0.8794E-04
  0.8796E-04
  0.8798E-04
  0.8800E-04
  0.8802E-04
  0.8804E-04
  0.8806E-04
  0.8808E-04
  0.8810E-04
  0.8812E-04
  0.8814E-04
  0.8816E-04
  0.8818E-04
  0.8820E-04
  0.8822E-04
  0.8824E-04
  0.8826E-04
  0.8828E-04
  0.8830E-04
  0.8832E-04
  0.8834E-04
  0.8836E-04
  0.8838E-04
  0.8840E-04
  0.8842E-04
  0.8844E-04
  0.8846E-04
  0.8848E-04
  0.8850E-04
  0.8852E-04
  0.8854E-04
  0.8856E-04
  0.8858E-04
  0.8860E-04
  0.8862E-04
  0.8864E-04
  0.8866E-04
  0.8868E-04
  0.8870E-04
  0.8872E-04
  0.8874E-04
  0.8876E-04
  0.8878E-04
  0.8880E-04
  0.8882E-04
  0.8884E-04
  0.8886E-04
  0.8888E-04
  0.8890E-04
  0.8892E-04
  0.8894E-04
  0.8896E-04
  0.8898E-04
  0.8900E-04
  0.8902E-04
  0.8904E-04
  0.8906E-04
  0.8908E-04
  0.8910E-04
  0.8912E-04
  0.8914E-04
  0.8916E-04
  0.8918E-04
  0.8920E-04
  0.8922E-04
  0.8924E-04
  0.8926E-04
  0.8928E-04
  0.8930E-04
  0.8932E-04
  0.8934E-04
  0.8936E-04
  0.8938E-04
  0.8940E-04
  0.8942E-04
  0.8944E-04
  0.8946E-04
  0.8948E-04
  0.8950E-04
  0.8952E-04
  0.8954E-04
  0.8956E-04
  0.8958E-04
  0.8960E-04
  0.8962E-04
  0.8964E-04
  0.8966E-04
  0.8968E-04
  0.8970E-04
  0.8972E-04
  0.8974E-04
  0.8976E-04
  0.8978E-04
  0.8980E-04
  0.8982E-04
  0.8984E-04
  0.8986E-04
  0.8988E-04
  0.8990E-04
  0.8992E-04
  0.8994E-04
  0.8996E-04
  0.8998E-04
  0.9000E-04
  0.9002E-04
  0.9004E-04
  0.9006E-04
  0.9008E-04
  0.9010E-04
  0.9012E-04
  0.9014E-04
  0.9016E-04
  0.9018E-04
  0.9020E-04
  0.9022E-04
  0.9024E-04
  0.9026E-04
  0.9028E-04
  0.9030E-04
  0.9032E-04
  0.9034E-04
  0.9036E-04
  0.9038E-04
  0.9040E-04
  0.9042E-04
  0.9044E-04
  0.9046E-04
  0.9048E-04
  0.9050E-04
  0.9052E-04
  0.9054E-04
  0.9056E-04
  0.9058E-04
  0.9060E-04
  0.9062E-04
  0.9064E-04
  0.9066E-04
  0.9068E-04
  0.9070E-04
  0.9072E-04
  0.9074E-04
  0.9076E-04
  0.9078E-04
  0.9080E-04
  0.9082E-04
  0.9084E-04
  0.9086E-04
  0.9088E-04
  0.9090E-04
  0.9092E-04
  0.9094E-04
  0.9096E-04
  0.9098E-04
  0.9100E-04
  0.9102E-04
  0.9104E-04
  0.9106E-04
  0.9108E-04
  0.9110E-04
  0.9112E-04
  0.9114E-04
  0.9116E-04
  0.9118E-04
  0.9120E-04
  0.9122E-04
  0.9124E-04
  0.9126E-04
  0.9128E-04
  0.9130E-04
  0.9132E-04
  0.9134E-04
  0.9136E-04
  0.9138E-04
  0.9140E-04
  0.9142E-04
  0.9144E-04
  0.9146E-04
  0.9148E-04
  0.9150E-04
  0.9152E-04
  0.9154E-04
  0.9156E-04
  0.9158E-04
  0.9160E-04
  0.9162E-04
  0.9164E-04
  0.9166E-04
  0.9168E-04
  0.9170E-04
  0.9172E-04
  0.9174E-04
  0.9176E-04
  0.9178E-04
  0.9180E-04
  0.9182E-04
  0.9184E-04
  0.9186E-04
  0.9188E-04
  0.9190E-04
  0.9192E-04
  0.9194E-04
  0.9196E-04
  0.9198E-04
  0.9200E-04
  0.9202E-04
  0.9204E-04
  0.9206E-04
  0.9208E-04
  0.9210E-04
  0.9212E-04
  0.9214E-04
  0.9216E-04
  0.9218E-04
  0.9220E-04
  0.9222E-04
  0.9224E-04
  0.9226E-04
  0.9228E-04
  0.9230E-04
  0.9232E-04
  0.9234E-04
  0.9236E-04
  0.9238E-04
  0.9240E-04
  0.9242E-04
  0.9244E-04
  0.9246E-04
  0.9248E-04
  0.9250E-04
  0.9252E-04
  0.9254E-04
  0.9256E-04
  0.9258E-04
  0.9260E-04
  0.9262E-04
  0.9264E-04
  0.9266E-04
  0.9268E-04
  0.9270E-04
  0.9272E-04
  0.9274E-04
  0.9276E-04
  0.9278E-04
  0.9280E-04
  0.9282E-04
  0.9284E-04
  0.9286E-04
  0.9288E-04
  0.9290E-04
  0.9292E-04
  0.9294E-04
  0.9296E-04
  0.9298E-04
  0.9300E-04
  0.9302E-04
  0.9304E-04
  0.9306E-04
  0.9308E-04
  0.9310E-04
  0.9312E-04
  0.9314E-04
  0.9316E-04
  0.9318E-04
  0.9320E-04
  0.9322E-04
  0.9324E-04
  0.9326E-04
  0.9328E-04
  0.9330E-04
  0.9332E-04
  0.9334E-04
  0.9336E-04
  0.9338E-04
  0.9340E-04
  0.9342E-04
  0.9344E-04
  0.9346E-04
  0.9348E-04
  0.9350E-04
  0.9352E-04
  0.9354E-04
  0.9356E-04
  0.9358E-04
  0.9360E-04
  0.9362E-04
  0.9364E-04
  0.9366E-04
  0.9368E-04
  0.9370E-04
  0.9372E-04
  0.9374E-04
  0.9376E-04
  0.9378E-04
  0.9380E-04
  0.9382E-04
  0.9384E-04
  0.9386E-04
  0.9388E-04
  0.9390E-04
  0.9392E-04
  0.9394E-04
  0.9396E-04
  0.9398E-04
  0.9400E-04
  0.9402E-04
  0.9404E-04
  0.9406E-04
  0.9408E-04
  0.9410E-04
  0.9412E-04
  0.9414E-04
  0.9416E-04
  0.9418E-04
  0.9420E-04
  0.9422E-04
  0.9424E-04
  0.9426E-04
  0.9428E-04
  0.9430E-04
  0.9432E-04
  0.9434E-04
  0.9436E-04
  0.9438E-04
  0.9440E-04
  0.9442E-04
  0.9444E-04
  0.9446E-04
  0.9448E-04
  0.9450E-04
  0.9452E-04
  0.9454E-04
  0.9456E-04
  0.9458E-04
  0.9460E-04
  0.9462E-04
  0.9464E-04
  0.9466E-04
  0.9468E-04
  0.9470E-04
  0.9472E-04
  0.9474E-04
  0.9476E-04
  0.9478E-04
  0.9480E-04
  0.9482E-04
  0.9484E-04
  0.9486E-04
  0.9488E-04
  0.9490E-04
  0.9492E-04
  0.9494E-04
  0.9496E-04
  0.9498E-04
  0.9500E-04
  0.9502E-04
  0.9504E-04
  0.9506E-04
  0.9508E-04
  0.9510E-04
  0.9512E-04
  0.9514E-04
  0.9516E-04
  0.9518E-04
  0.9520E-04
  0.9522E-04
  0.9524E-04
  0.9526E-04
  0.9528E-04
  0.9530E-04
  0.9532E-04
  0.9534E-04
  0.9536E-04
  0.9538E-04
  0.9540E-04
  0.9542E-04
  0.9544E-04
  0.9546E-04
  0.9548E-04
  0.9550E-04
  0.9552E-04
  0.9554E-04
  0.9556E-04
  0.9558E-04
  0.9560E-04
  0.9562E-04
  0.9564E-04
  0.9566E-04
  0.9568E-04
  0.9570E-04
  0.9572E-04
  0.9574E-04
  0.9576E-04
  0.9578E-04
  0.9580E-04
  0.9582E-04
  0.9584E-04
  0.9586E-04
  0.9588E-04
  0.9590E-04
  0.9592E-04
  0.9594E-04
  0.9596E-04
  0.9598E-04
  0.9600E-04
  0.9602E-04
  0.9604E-04
  0.9606E-04
  0.9608E-04
  0.9610E-04
  0.9612E-04
  0.9614E-04
  0.9616E-04
  0.9618E-04
  0.9620E-04
  0.9622E-04
  0.9624E-04
  0.9626E-04
  0.9628E-04
  0.9630E-04
  0.9632E-04
  0.9634E-04
  0.9636E-04
  0.9638E-04
  0.9640E-04
  0.9642E-04
  0.9644E-04
  0.9646E-04
  0.9648E-04
  0.9650E-04
  0.9652E-04
  0.9654E-04
  0.9656E-04
  0.9658E-04
  0.9660E-04
  0.9662E-04
  0.9664E-04
  0.9666E-04
  0.9668E-04
  0.9670E-04
  0.9672E-04
  0.9674E-04
  0.9676E-04
  0.9678E-04
  0.9680E-04
  0.9682E-04
  0.9684E-04
  0.9686E-04
  0.9688E-04
  0.9690E-04
  0.9692E-04
  0.9694E-04
  0.9696E-04
  0.9698E-04
  0.9700E-04
  0.9702E-04
  0.9704E-04
  0.9706E-04
  0.9708E-04
  0.9710E-04
  0.9712E-04
  0.9714E-04
  0.9716E-04
  0.9718E-04
  0.9720E-04
  0.9722E-04
  0.9724E-04
  0.9726E-04
  0.9728E-04
  0.9730E-04
  0.9732E-04
  0.9734E-04
  0.9736E-04
  0.9738E-04
  0.9740E-04
  0.9742E-04
  0.9744E-04
  0.9746E-04
  0.9748E-04
  0.9750E-04
  0.9752E-04
  0.9754E-04
  0.9756E-04
  0.9758E-04
  0.9760E-04
  0.9762E-04
  0.9764E-04
  0.9766E-04
  0.9768E-04
  0.9770E-04
  0.9772E-04
  0.9774E-04
  0.9776E-04
  0.9778E-04
  0.9780E-04
  0.9782E-04
  0.9784E-04
  0.9786E-04
  0.9788E-04
  0.9790E-04
  0.9792E-04
  0.9794E-04
  0.9796E-04
  0.9798E-04
  0.9800E-04
  0.9802E-04
  0.9804E-04
  0.9806E-04
  0.9808E-04
  0.9810E-04
  0.9812E-04
  0.9814E-04
  0.9816E-04
  0.9818E-04
  0.9820E-04
  0.9822E-04
  0.9824E-04
  0.9826E-04
  0.9828E-04
  0.9830E-04
  0.9832E-04
  0.9834E-04
  0.9836E-04
  0.9838E-04
  0.9840E-04
  0.9842E-04
  0.9844E-04
  0.9846E-04
  0.9848E-04
  0.9850E-04
  0.9852E-04
  0.9854E-04
  0.9856E-04
  0.9858E-04
  0.9860E-04
  0.9862E-04
  0.9864E-04
  0.9866E-04
  0.9868E-04
  0.9870E-04
  0.9872E-04
  0.9874E-04
  0.9876E-04
  0.9878E-04
  0.9880E-04
  0.9882E-04
  0.9884E-04
  0.9886E-04
  0.9888E-04
  0.9890E-04
  0.9892E-04
  0.9894E-04
  0.9896E-04
  0.9898E-04
  0.9900E-04
  0.9902E-04
  0.9904E-04
  0.9906E-04
  0.9908E-04
  0.9910E-04
  0.9912E-04
  0.9914E-04
  0.9916E-04
  0.9918E-04
  0.9920E-04
  0.9922E-04
  0.9924E-04
  0.9926E-04
  0.9928E-04
  0.9930E-04
  0.9932E-04
  0.9934E-04
  0.9936E-04
  0.9938E-04
  0.9940E-04
  0.9942E-04
  0.9944E-04
  0.9946E-04
  0.9948E-04
  0.9950E-04
  0.9952E-04
  0.9954E-04
  0.9956E-04
  0.9958E-04
  0.9960E-04
  0.9962E-04
  0.9964E-04
  0.9966E-04
  0.9968E-04
  0.9970E-04
  0.9972E-04
  0.9974E-04
  0.9976E-04
  0.9978E-04
  0.9980E-04
  0.9982E-04
  0.9984E-04
  0.9986E-04
  0.9988E-04
  0.9990E-04
  0.9992E-04
  0.9994E-04
  0.9996E-04
  0.9998E-04
  0.1000E-03
  0.1000E-03
  0.1000E-03
  0.1001E-03
  0.1001E-03
  0.1001E-03
  0.1001E-03
  0.1001E-03
  0.1002E-03
  0.1002E-03
  0.1002E-03
  0.1002E-03
  0.1002E-03
  0.1003E-03
  0.1003E-03
  0.1003E-03
  0.1003E-03
  0.1003E-03
  0.1004E-03
  0.1004E-03
  0.1004E-03
  0.1004E-03
  0.1004E-03
  0.1005E-03
  0.1005E-03
  0.1005E-03
  0.1005E-03
  0.1005E-03
  0.1006E-03
  0.1006E-03
  0.1006E-03
  0.1006E-03
  0.1006E-03
  0.1007E-03
  0.1007E-03
  0.1007E-03
  0.1007E-03
  0.1007E-03
  0.1008E-03
  0.1008E-03
  0.1008E-03
  0.1008E-03
  0.1008E-03
  0.1009E-03
  0.1009E-03
  0.1009E-03
  0.1009E-03
  0.1009E-03
  0.1010E-03
  0.1010E-03
  0.1010E-03
  0.1010E-03
  0.1010E-03
  0.1011E-03
  0.1011E-03
  0.1011E-03
  0.1011E-03
  0.1011E-03
  0.1012E-03
  0.1012E-03
  0.1012E-03
  0.1012E-03
  0.1012E-03
  0.1013E-03
  0.1013E-03
  0.1013E-03
  0.1013E-03
  0.1013E-03
  0.1014E-03
  0.1014E-03
  0.1014E-03
  0.1014E-03
  0.1014E-03
  0.1015E-03
  0.1015E-03
  0.1015E-03
  0.1015E-03
  0.1015E-03
  0.1016E-03
  0.1016E-03
  0.1016E-03
  0.1016E-03
  0.1016E-03
  0.1017E-03
  0.1017E-03
  0.1017E-03
  0.1017E-03
  0.1017E-03
  0.1018E-03
  0.1018E-03
  0.1018E-03
  0.1018E-03
  0.1018E-03
  0.1019E-03
  0.1019E-03
  0.1019E-03
  0.1019E-03
  0.1019E-03
  0.1020E-03
  0.1020E-03
  0.1020E-03
