      i,      z,      dz 
           0   0.0000000000000000        0.0000000000000000     
           1   2.5000000000000000        5.0000000000000000     
           2   7.5000000000000000        5.0000000000000000     
           3   12.500000000000000        5.0000000000000000     
           4   17.500000000000000        5.0000000000000000     
           5   22.500000000000000        5.0000000000000000     
           6   27.500000000000000        5.0000000000000000     
           7   32.500000000000000        5.0000000000000000     
           8   37.500000000000000        5.0000000000000000     
           9   42.500000000000000        5.0000000000000000     
          10   47.500000000000000        5.0000000000000000     
          11   52.500000000000000        5.0000000000000000     
          12   57.500000000000000        5.0000000000000000     
          13   62.500000000000000        5.0000000000000000     
          14   67.500000000000000        5.0000000000000000     
          15   72.500000000000000        5.0000000000000000     
          16   77.500000000000000        5.0000000000000000     
          17   82.500000000000000        5.0000000000000000     
          18   87.500000000000000        5.0000000000000000     
          19   92.500000000000000        5.0000000000000000     
          20   97.500000000000000        5.0000000000000000     
          21   102.50000000000000        5.0000000000000000     
          22   107.50000000000000        5.0000000000000000     
          23   112.50000000000000        5.0000000000000000     
          24   117.50000000000000        5.0000000000000000     
          25   122.50000000000000        5.0000000000000000     
          26   127.50000000000000        5.0000000000000000     
          27   132.50000000000000        5.0000000000000000     
          28   137.50000000000000        5.0000000000000000     
          29   140.50000000000000        1.0000000000000000     
          30   141.50000000000000        1.0000000000000000     
          31   142.50000000000000        1.0000000000000000     
          32   143.50000000000000        1.0000000000000000     
          33   144.50000000000000        1.0000000000000000     
          34   145.50000000000000        1.0000000000000000     
          35   146.50000000000000        1.0000000000000000     
          36   147.50000000000000        1.0000000000000000     
          37   148.50000000000000        1.0000000000000000     
          38   149.50000000000000        1.0000000000000000     
          39   150.50000000000000        1.0000000000000000     
          40   151.50000000000000        1.0000000000000000     
          41   152.50000000000000        1.0000000000000000     
          42   153.50000000000000        1.0000000000000000     
          43   154.50000000000000        1.0000000000000000     
          44   155.50000000000000        1.0000000000000000     
          45   156.50000000000000        1.0000000000000000     
          46   157.50000000000000        1.0000000000000000     
          47   158.50000000000000        1.0000000000000000     
          48   159.50000000000000        1.0000000000000000     
          49   160.50000000000000        1.0000000000000000     
          50   161.50000000000000        1.0000000000000000     
          51   162.50000000000000        1.0000000000000000     
          52   163.50000000000000        1.0000000000000000     
          53   164.50000000000000        1.0000000000000000     
          54   165.50000000000000        1.0000000000000000     
          55   166.50000000000000        1.0000000000000000     
          56   167.50000000000000        1.0000000000000000     
          57   168.50000000000000        1.0000000000000000     
          58   169.50000000000000        1.0000000000000000     
          59   170.50000000000000        1.0000000000000000     
          60   171.50000000000000        1.0000000000000000     
          61   172.50000000000000        1.0000000000000000     
          62   173.50000000000000        1.0000000000000000     
          63   174.50000000000000        1.0000000000000000     
          64   175.50000000000000        1.0000000000000000     
          65   176.50000000000000        1.0000000000000000     
          66   177.50000000000000        1.0000000000000000     
          67   178.50000000000000        1.0000000000000000     
          68   179.50000000000000        1.0000000000000000     
          69   180.50000000000000        1.0000000000000000     
          70   181.50000000000000        1.0000000000000000     
          71   182.50000000000000        1.0000000000000000     
          72   183.50000000000000        1.0000000000000000     
          73   184.50000000000000        1.0000000000000000     
          74   185.50000000000000        1.0000000000000000     
          75   186.50000000000000        1.0000000000000000     
          76   187.50000000000000        1.0000000000000000     
          77   188.50000000000000        1.0000000000000000     
          78   189.50000000000000        1.0000000000000000     
          79   190.50000000000000        1.0000000000000000     
          80   191.50000000000000        1.0000000000000000     
          81   192.50000000000000        1.0000000000000000     
          82   193.50000000000000        1.0000000000000000     
          83   194.50000000000000        1.0000000000000000     
          84   195.50000000000000        1.0000000000000000     
          85   196.50000000000000        1.0000000000000000     
          86   197.50000000000000        1.0000000000000000     
          87   198.50000000000000        1.0000000000000000     
          88   199.50000000000000        1.0000000000000000     
          89   200.50000000000000        1.0000000000000000     
          90   201.50000000000000        1.0000000000000000     
          91   202.50000000000000        1.0000000000000000     
          92   203.50000000000000        1.0000000000000000     
          93   204.50000000000000        1.0000000000000000     
          94   205.50000000000000        1.0000000000000000     
          95   206.50000000000000        1.0000000000000000     
          96   207.50000000000000        1.0000000000000000     
          97   208.50000000000000        1.0000000000000000     
          98   209.50000000000000        1.0000000000000000     
          99   210.50000000000000        1.0000000000000000     
         100   211.50000000000000        1.0000000000000000     
         101   212.50000000000000        1.0000000000000000     
         102   213.50000000000000        1.0000000000000000     
         103   214.50000000000000        1.0000000000000000     
         104   215.50000000000000        1.0000000000000000     
         105   216.50000000000000        1.0000000000000000     
         106   217.50000000000000        1.0000000000000000     
         107   218.50000000000000        1.0000000000000000     
         108   219.50000000000000        1.0000000000000000     
         109   220.50000000000000        1.0000000000000000     
         110   221.50000000000000        1.0000000000000000     
         111   222.50000000000000        1.0000000000000000     
         112   223.50000000000000        1.0000000000000000     
         113   224.50000000000000        1.0000000000000000     
         114   225.50000000000000        1.0000000000000000     
         115   226.50000000000000        1.0000000000000000     
         116   227.50000000000000        1.0000000000000000     
         117   228.50000000000000        1.0000000000000000     
         118   229.50000000000000        1.0000000000000000     
         119   230.50000000000000        1.0000000000000000     
         120   231.50000000000000        1.0000000000000000     
         121   232.50000000000000        1.0000000000000000     
         122   233.50000000000000        1.0000000000000000     
         123   234.50000000000000        1.0000000000000000     
         124   235.50000000000000        1.0000000000000000     
         125   236.50000000000000        1.0000000000000000     
         126   237.50000000000000        1.0000000000000000     
         127   238.50000000000000        1.0000000000000000     
         128   239.50000000000000        1.0000000000000000     
         129   240.50000000000000        1.0000000000000000     
         130   241.50000000000000        1.0000000000000000     
         131   242.50000000000000        1.0000000000000000     
         132   243.50000000000000        1.0000000000000000     
         133   244.50000000000000        1.0000000000000000     
         134   245.50000000000000        1.0000000000000000     
         135   246.50000000000000        1.0000000000000000     
         136   247.50000000000000        1.0000000000000000     
         137   248.50000000000000        1.0000000000000000     
         138   249.50000000000000        1.0000000000000000     
         139   250.50000000000000        1.0000000000000000     
         140   251.50000000000000        1.0000000000000000     
         141   252.50000000000000        1.0000000000000000     
         142   253.50000000000000        1.0000000000000000     
         143   254.50000000000000        1.0000000000000000     
         144   255.50000000000000        1.0000000000000000     
         145   256.50000000000000        1.0000000000000000     
         146   257.50000000000000        1.0000000000000000     
         147   258.50000000000000        1.0000000000000000     
         148   259.50000000000000        1.0000000000000000     
         149   260.50000000000000        1.0000000000000000     
         150   261.50000000000000        1.0000000000000000     
         151   262.50000000000000        1.0000000000000000     
         152   263.50000000000000        1.0000000000000000     
         153   264.50000000000000        1.0000000000000000     
         154   265.50000000000000        1.0000000000000000     
         155   266.50000000000000        1.0000000000000000     
         156   267.50000000000000        1.0000000000000000     
         157   268.50000000000000        1.0000000000000000     
         158   269.50000000000000        1.0000000000000000     
         159   270.50000000000000        1.0000000000000000     
         160   271.50000000000000        1.0000000000000000     
         161   272.50000000000000        1.0000000000000000     
         162   273.50000000000000        1.0000000000000000     
         163   274.50000000000000        1.0000000000000000     
         164   275.50000000000000        1.0000000000000000     
         165   276.50000000000000        1.0000000000000000     
         166   277.50000000000000        1.0000000000000000     
         167   278.50000000000000        1.0000000000000000     
         168   279.50000000000000        1.0000000000000000     
         169   280.50000000000000        1.0000000000000000     
         170   281.50000000000000        1.0000000000000000     
         171   282.50000000000000        1.0000000000000000     
         172   283.50000000000000        1.0000000000000000     
         173   284.50000000000000        1.0000000000000000     
         174   285.50000000000000        1.0000000000000000     
         175   286.50000000000000        1.0000000000000000     
         176   287.50000000000000        1.0000000000000000     
         177   288.50000000000000        1.0000000000000000     
         178   289.50000000000000        1.0000000000000000     
         179   292.50000000000000        5.0000000000000000     
         180   297.50000000000000        5.0000000000000000     
         181   302.50000000000000        5.0000000000000000     
         182   307.50000000000000        5.0000000000000000     
         183   312.50000000000000        5.0000000000000000     
         184   317.50000000000000        5.0000000000000000     
         185   322.50000000000000        5.0000000000000000     
         186   327.50000000000000        5.0000000000000000     
         187   332.50000000000000        5.0000000000000000     
         188   337.50000000000000        5.0000000000000000     
         189   342.50000000000000        5.0000000000000000     
         190   347.50000000000000        5.0000000000000000     
         191   352.50000000000000        5.0000000000000000     
         192   357.50000000000000        5.0000000000000000     
         193   362.50000000000000        5.0000000000000000     
         194   367.50000000000000        5.0000000000000000     
         195   372.50000000000000        5.0000000000000000     
         196   377.50000000000000        5.0000000000000000     
         197   382.50000000000000        5.0000000000000000     
         198   387.50000000000000        5.0000000000000000     
         199   0.0000000000000000        0.0000000000000000     
      j,      r,      dr
           0   0.0000000000000000        0.0000000000000000     
           1   5.0000000000000003E-002  0.10000000000000001     
           2  0.15000000000000002       0.10000000000000001     
           3  0.25000000000000000       0.10000000000000001     
           4  0.34999999999999998       0.10000000000000001     
           5  0.44999999999999996       0.10000000000000001     
           6  0.54999999999999993       0.10000000000000001     
           7  0.64999999999999991       0.10000000000000001     
           8  0.74999999999999989       0.10000000000000001     
           9  0.84999999999999987       0.10000000000000001     
          10  0.94999999999999984       0.10000000000000001     
          11   1.0499999999999998       0.10000000000000001     
          12   1.1499999999999999       0.10000000000000001     
          13   1.2500000000000000       0.10000000000000001     
          14   1.3500000000000001       0.10000000000000001     
          15   1.4500000000000002       0.10000000000000001     
          16   1.5500000000000003       0.10000000000000001     
          17   1.6500000000000004       0.10000000000000001     
          18   1.7500000000000004       0.10000000000000001     
          19   1.8500000000000005       0.10000000000000001     
          20   1.9500000000000006       0.10000000000000001     
          21   2.0500000000000007       0.10000000000000001     
          22   2.1500000000000008       0.10000000000000001     
          23   2.2500000000000009       0.10000000000000001     
          24   2.3500000000000010       0.10000000000000001     
          25   2.4500000000000011       0.10000000000000001     
          26   2.5500000000000012       0.10000000000000001     
          27   2.6500000000000012       0.10000000000000001     
          28   2.7500000000000013       0.10000000000000001     
          29   2.8500000000000014       0.10000000000000001     
          30   2.9500000000000015       0.10000000000000001     
          31   3.2500000000000013       0.50000000000000000     
          32   3.7500000000000013       0.50000000000000000     
          33   4.2500000000000018       0.50000000000000000     
          34   4.7500000000000018       0.50000000000000000     
          35   5.2500000000000018       0.50000000000000000     
          36   5.7500000000000018       0.50000000000000000     
          37   6.2500000000000018       0.50000000000000000     
          38   6.7500000000000018       0.50000000000000000     
          39   7.2500000000000018       0.50000000000000000     
          40   7.7500000000000018       0.50000000000000000     
          41   8.2500000000000018       0.50000000000000000     
          42   8.7500000000000018       0.50000000000000000     
          43   9.2500000000000018       0.50000000000000000     
          44   9.7500000000000018       0.50000000000000000     
          45   10.250000000000002       0.50000000000000000     
          46   10.750000000000002       0.50000000000000000     
          47   11.250000000000002       0.50000000000000000     
          48   11.750000000000002       0.50000000000000000     
          49   12.250000000000002       0.50000000000000000     
          50   12.750000000000002       0.50000000000000000     
          51   13.500000000000002        1.0000000000000000     
          52   14.500000000000002        1.0000000000000000     
          53   15.500000000000002        1.0000000000000000     
          54   16.500000000000000        1.0000000000000000     
          55   17.500000000000000        1.0000000000000000     
          56   18.500000000000000        1.0000000000000000     
          57   19.500000000000000        1.0000000000000000     
          58   20.500000000000000        1.0000000000000000     
          59   21.500000000000000        1.0000000000000000     
          60   22.500000000000000        1.0000000000000000     
          61   23.500000000000000        1.0000000000000000     
          62   24.500000000000000        1.0000000000000000     
          63   25.500000000000000        1.0000000000000000     
          64   26.500000000000000        1.0000000000000000     
          65   27.500000000000000        1.0000000000000000     
          66   28.500000000000000        1.0000000000000000     
          67   29.500000000000000        1.0000000000000000     
          68   30.500000000000000        1.0000000000000000     
          69   31.500000000000000        1.0000000000000000     
          70   32.500000000000000        1.0000000000000000     
          71   35.500000000000000        5.0000000000000000     
          72   40.500000000000000        5.0000000000000000     
          73   45.500000000000000        5.0000000000000000     
          74   50.500000000000000        5.0000000000000000     
          75   55.500000000000000        5.0000000000000000     
          76   60.500000000000000        5.0000000000000000     
          77   65.500000000000000        5.0000000000000000     
          78   70.500000000000000        5.0000000000000000     
          79   75.500000000000000        5.0000000000000000     
          80   80.500000000000000        5.0000000000000000     
          81   85.500000000000000        5.0000000000000000     
          82   90.500000000000000        5.0000000000000000     
          83   95.500000000000000        5.0000000000000000     
          84   100.50000000000000        5.0000000000000000     
          85   105.50000000000000        5.0000000000000000     
          86   110.50000000000000        5.0000000000000000     
          87   115.50000000000000        5.0000000000000000     
          88   120.50000000000000        5.0000000000000000     
          89   125.50000000000000        5.0000000000000000     
          90   130.50000000000000        5.0000000000000000     
          91   153.00000000000000        40.000000000000000     
          92   193.00000000000000        40.000000000000000     
          93   233.00000000000000        40.000000000000000     
          94   273.00000000000000        40.000000000000000     
          95   313.00000000000000        40.000000000000000     
          96   353.00000000000000        40.000000000000000     
          97   393.00000000000000        40.000000000000000     
          98   433.00000000000000        40.000000000000000     
          99   0.0000000000000000        0.0000000000000000     
