 -4.33E+02
 -3.93E+02
 -3.53E+02
 -3.13E+02
 -2.73E+02
 -2.33E+02
 -1.93E+02
 -1.53E+02
 -1.30E+02
 -1.26E+02
 -1.20E+02
 -1.16E+02
 -1.10E+02
 -1.06E+02
 -1.00E+02
 -9.55E+01
 -9.05E+01
 -8.55E+01
 -8.05E+01
 -7.55E+01
 -7.05E+01
 -6.55E+01
 -6.05E+01
 -5.55E+01
 -5.05E+01
 -4.55E+01
 -4.05E+01
 -3.55E+01
 -3.25E+01
 -3.15E+01
 -3.05E+01
 -2.95E+01
 -2.85E+01
 -2.75E+01
 -2.65E+01
 -2.55E+01
 -2.45E+01
 -2.35E+01
 -2.25E+01
 -2.15E+01
 -2.05E+01
 -1.95E+01
 -1.85E+01
 -1.75E+01
 -1.65E+01
 -1.55E+01
 -1.45E+01
 -1.35E+01
 -1.28E+01
 -1.23E+01
 -1.18E+01
 -1.13E+01
 -1.08E+01
 -1.03E+01
 -9.75E+00
 -9.25E+00
 -8.75E+00
 -8.25E+00
 -7.75E+00
 -7.25E+00
 -6.75E+00
 -6.25E+00
 -5.75E+00
 -5.25E+00
 -4.75E+00
 -4.25E+00
 -3.75E+00
 -3.25E+00
 -2.95E+00
 -2.85E+00
 -2.75E+00
 -2.65E+00
 -2.55E+00
 -2.45E+00
 -2.35E+00
 -2.25E+00
 -2.15E+00
 -2.05E+00
 -1.95E+00
 -1.85E+00
 -1.75E+00
 -1.65E+00
 -1.55E+00
 -1.45E+00
 -1.35E+00
 -1.25E+00
 -1.15E+00
 -1.05E+00
 -9.50E-01
 -8.50E-01
 -7.50E-01
 -6.50E-01
 -5.50E-01
 -4.50E-01
 -3.50E-01
 -2.50E-01
 -1.50E-01
 -5.00E-02
  5.00E-02
  1.50E-01
  2.50E-01
  3.50E-01
  4.50E-01
  5.50E-01
  6.50E-01
  7.50E-01
  8.50E-01
  9.50E-01
  1.05E+00
  1.15E+00
  1.25E+00
  1.35E+00
  1.45E+00
  1.55E+00
  1.65E+00
  1.75E+00
  1.85E+00
  1.95E+00
  2.05E+00
  2.15E+00
  2.25E+00
  2.35E+00
  2.45E+00
  2.55E+00
  2.65E+00
  2.75E+00
  2.85E+00
  2.95E+00
  3.25E+00
  3.75E+00
  4.25E+00
  4.75E+00
  5.25E+00
  5.75E+00
  6.25E+00
  6.75E+00
  7.25E+00
  7.75E+00
  8.25E+00
  8.75E+00
  9.25E+00
  9.75E+00
  1.03E+01
  1.08E+01
  1.13E+01
  1.18E+01
  1.23E+01
  1.28E+01
  1.35E+01
  1.45E+01
  1.55E+01
  1.65E+01
  1.75E+01
  1.85E+01
  1.95E+01
  2.05E+01
  2.15E+01
  2.25E+01
  2.35E+01
  2.45E+01
  2.55E+01
  2.65E+01
  2.75E+01
  2.85E+01
  2.95E+01
  3.05E+01
  3.15E+01
  3.25E+01
  3.55E+01
  4.05E+01
  4.55E+01
  5.05E+01
  5.55E+01
  6.05E+01
  6.55E+01
  7.05E+01
  7.55E+01
  8.05E+01
  8.55E+01
  9.05E+01
  9.55E+01
  1.00E+02
  1.06E+02
  1.10E+02
  1.16E+02
  1.20E+02
  1.26E+02
  1.30E+02
  1.53E+02
  1.93E+02
  2.33E+02
  2.73E+02
  3.13E+02
  3.53E+02
  3.93E+02
  4.33E+02
