 axial values of z
  0.00E+00  2.50E+00  7.50E+00  1.25E+01  1.75E+01  2.25E+01  2.75E+01  3.25E+01  3.75E+01  4.25E+01
  4.75E+01  5.25E+01  5.75E+01  6.25E+01  6.75E+01  7.25E+01  7.75E+01  8.25E+01  8.75E+01  9.25E+01
  9.75E+01  1.02E+02  1.08E+02  1.12E+02  1.18E+02  1.22E+02  1.28E+02  1.32E+02  1.38E+02  1.40E+02
  1.42E+02  1.42E+02  1.44E+02  1.44E+02  1.46E+02  1.46E+02  1.48E+02  1.48E+02  1.50E+02  1.50E+02
  1.52E+02  1.52E+02  1.54E+02  1.54E+02  1.56E+02  1.56E+02  1.58E+02  1.58E+02  1.60E+02  1.60E+02
  1.62E+02  1.62E+02  1.64E+02  1.64E+02  1.66E+02  1.66E+02  1.68E+02  1.68E+02  1.70E+02  1.70E+02
  1.72E+02  1.72E+02  1.74E+02  1.74E+02  1.76E+02  1.76E+02  1.78E+02  1.78E+02  1.80E+02  1.80E+02
  1.82E+02  1.82E+02  1.84E+02  1.84E+02  1.86E+02  1.86E+02  1.88E+02  1.88E+02  1.90E+02  1.90E+02
  1.92E+02  1.92E+02  1.94E+02  1.94E+02  1.96E+02  1.96E+02  1.98E+02  1.98E+02  2.00E+02  2.00E+02
  2.02E+02  2.02E+02  2.04E+02  2.04E+02  2.06E+02  2.06E+02  2.08E+02  2.08E+02  2.10E+02  2.10E+02
  2.12E+02  2.12E+02  2.14E+02  2.14E+02  2.16E+02  2.16E+02  2.18E+02  2.18E+02  2.20E+02  2.20E+02
  2.22E+02  2.22E+02  2.24E+02  2.24E+02  2.26E+02  2.26E+02  2.28E+02  2.28E+02  2.30E+02  2.30E+02
  2.32E+02  2.32E+02  2.34E+02  2.34E+02  2.36E+02  2.36E+02  2.38E+02  2.38E+02  2.40E+02  2.40E+02
  2.42E+02  2.42E+02  2.44E+02  2.44E+02  2.46E+02  2.46E+02  2.48E+02  2.48E+02  2.50E+02  2.50E+02
  2.52E+02  2.52E+02  2.54E+02  2.54E+02  2.56E+02  2.56E+02  2.58E+02  2.58E+02  2.60E+02  2.60E+02
  2.62E+02  2.62E+02  2.64E+02  2.64E+02  2.66E+02  2.66E+02  2.68E+02  2.68E+02  2.70E+02  2.70E+02
  2.72E+02  2.72E+02  2.74E+02  2.74E+02  2.76E+02  2.76E+02  2.78E+02  2.78E+02  2.80E+02  2.80E+02
  2.82E+02  2.82E+02  2.84E+02  2.84E+02  2.86E+02  2.86E+02  2.88E+02  2.88E+02  2.90E+02  2.92E+02
  2.98E+02  3.02E+02  3.08E+02  3.12E+02  3.18E+02  3.22E+02  3.28E+02  3.32E+02  3.38E+02  3.42E+02
  3.48E+02  3.52E+02  3.58E+02  3.62E+02  3.68E+02  3.72E+02  3.78E+02  3.82E+02  3.88E+02
 radial values of r
  0.00E+00  5.00E-02  1.50E-01  2.50E-01  3.50E-01  4.50E-01  5.50E-01  6.50E-01  7.50E-01  8.50E-01
  9.50E-01  1.05E+00  1.15E+00  1.25E+00  1.35E+00  1.45E+00  1.55E+00  1.65E+00  1.75E+00  1.85E+00
  1.95E+00  2.05E+00  2.15E+00  2.25E+00  2.35E+00  2.45E+00  2.55E+00  2.65E+00  2.75E+00  2.85E+00
  2.95E+00  3.25E+00  3.75E+00  4.25E+00  4.75E+00  5.25E+00  5.75E+00  6.25E+00  6.75E+00  7.25E+00
  7.75E+00  8.25E+00  8.75E+00  9.25E+00  9.75E+00  1.03E+01  1.08E+01  1.13E+01  1.18E+01  1.23E+01
  1.28E+01  1.35E+01  1.45E+01  1.55E+01  1.65E+01  1.75E+01  1.85E+01  1.95E+01  2.05E+01  2.15E+01
  2.25E+01  2.35E+01  2.45E+01  2.55E+01  2.65E+01  2.75E+01  2.85E+01  2.95E+01  3.05E+01  3.15E+01
  3.25E+01  3.55E+01  4.05E+01  4.55E+01  5.05E+01  5.55E+01  6.05E+01  6.55E+01  7.05E+01  7.55E+01
  8.05E+01  8.55E+01  9.05E+01  9.55E+01  1.00E+02  1.06E+02  1.10E+02  1.16E+02  1.20E+02  1.26E+02
  1.30E+02  1.53E+02  1.93E+02  2.33E+02  2.73E+02  3.13E+02  3.53E+02  3.93E+02  4.33E+02
