      i,      z,      dz 
           0   0.0000000000000000        5.0000000000000003E-002
           1   5.0000000000000003E-002   5.0000000000000003E-002
           2  0.10000000000000001        5.0000000000000003E-002
           3  0.15000000000000002        5.0000000000000003E-002
           4  0.20000000000000001        5.0000000000000003E-002
           5  0.25000000000000000        5.0000000000000003E-002
           6  0.29999999999999999        5.0000000000000003E-002
           7  0.34999999999999998        5.0000000000000003E-002
           8  0.39999999999999997        5.0000000000000003E-002
           9  0.44999999999999996        5.0000000000000003E-002
          10  0.49999999999999994        5.0000000000000003E-002
          11  0.54999999999999993        5.0000000000000003E-002
          12  0.59999999999999998        5.0000000000000003E-002
          13  0.65000000000000002        5.0000000000000003E-002
          14  0.70000000000000007        5.0000000000000003E-002
          15  0.75000000000000011        5.0000000000000003E-002
          16  0.80000000000000016        5.0000000000000003E-002
          17  0.85000000000000020        5.0000000000000003E-002
          18  0.90000000000000024        5.0000000000000003E-002
          19  0.95000000000000029        5.0000000000000003E-002
          20   1.0000000000000002        5.0000000000000003E-002
          21   1.0500000000000003        5.0000000000000003E-002
          22   1.1000000000000003        5.0000000000000003E-002
          23   1.1500000000000004        5.0000000000000003E-002
          24   1.2000000000000004        5.0000000000000003E-002
          25   1.2500000000000004        5.0000000000000003E-002
          26   1.3000000000000005        5.0000000000000003E-002
          27   1.3500000000000005        5.0000000000000003E-002
          28   1.4000000000000006        5.0000000000000003E-002
          29   1.5750000000000006       0.29999999999999999     
          30   1.8750000000000007       0.29999999999999999     
          31   2.1750000000000007       0.29999999999999999     
          32   2.4750000000000005       0.29999999999999999     
          33   2.7750000000000004       0.29999999999999999     
          34   3.0750000000000002       0.29999999999999999     
          35   3.3750000000000000       0.29999999999999999     
          36   3.6749999999999998       0.29999999999999999     
          37   3.9749999999999996       0.29999999999999999     
          38   4.2749999999999995       0.29999999999999999     
          39   4.5749999999999993       0.29999999999999999     
          40   4.8749999999999991       0.29999999999999999     
          41   5.1749999999999989       0.29999999999999999     
          42   5.4749999999999988       0.29999999999999999     
          43   5.7749999999999986       0.29999999999999999     
          44   6.0749999999999984       0.29999999999999999     
          45   6.3749999999999982       0.29999999999999999     
          46   6.6749999999999980       0.29999999999999999     
          47   6.9749999999999979       0.29999999999999999     
          48   7.2749999999999977       0.29999999999999999     
          49   7.5749999999999975       0.29999999999999999     
          50   7.8749999999999973       0.29999999999999999     
          51   8.1749999999999972       0.29999999999999999     
          52   8.4749999999999979       0.29999999999999999     
          53   8.7749999999999986       0.29999999999999999     
          54   9.0749999999999993       0.29999999999999999     
          55   9.3750000000000000       0.29999999999999999     
          56   9.6750000000000007       0.29999999999999999     
          57   9.9750000000000014       0.29999999999999999     
          58   10.275000000000002       0.29999999999999999     
          59   10.575000000000003       0.29999999999999999     
          60   10.875000000000004       0.29999999999999999     
          61   11.175000000000004       0.29999999999999999     
          62   11.475000000000005       0.29999999999999999     
          63   11.775000000000006       0.29999999999999999     
          64   12.075000000000006       0.29999999999999999     
          65   12.375000000000007       0.29999999999999999     
          66   12.675000000000008       0.29999999999999999     
          67   12.975000000000009       0.29999999999999999     
          68   13.275000000000009       0.29999999999999999     
          69   13.575000000000010       0.29999999999999999     
          70   13.875000000000011       0.29999999999999999     
          71   14.175000000000011       0.29999999999999999     
          72   14.475000000000012       0.29999999999999999     
          73   14.775000000000013       0.29999999999999999     
          74   15.075000000000014       0.29999999999999999     
          75   15.375000000000014       0.29999999999999999     
          76   15.675000000000015       0.29999999999999999     
          77   15.975000000000016       0.29999999999999999     
          78   16.275000000000016       0.29999999999999999     
          79   16.575000000000017       0.29999999999999999     
          80   16.875000000000018       0.29999999999999999     
          81   17.175000000000018       0.29999999999999999     
          82   17.475000000000019       0.29999999999999999     
          83   17.775000000000020       0.29999999999999999     
          84   18.075000000000021       0.29999999999999999     
          85   18.375000000000021       0.29999999999999999     
          86   18.675000000000022       0.29999999999999999     
          87   18.975000000000023       0.29999999999999999     
          88   19.275000000000023       0.29999999999999999     
          89   19.575000000000024       0.29999999999999999     
          90   19.875000000000025       0.29999999999999999     
          91   20.175000000000026       0.29999999999999999     
          92   20.475000000000026       0.29999999999999999     
          93   20.775000000000027       0.29999999999999999     
          94   21.075000000000028       0.29999999999999999     
          95   21.375000000000028       0.29999999999999999     
          96   21.675000000000029       0.29999999999999999     
          97   21.975000000000030       0.29999999999999999     
          98   22.275000000000031       0.29999999999999999     
          99   22.575000000000031       0.29999999999999999     
         100   22.875000000000032       0.29999999999999999     
         101   23.175000000000033       0.29999999999999999     
         102   23.475000000000033       0.29999999999999999     
         103   23.775000000000034       0.29999999999999999     
         104   24.075000000000035       0.29999999999999999     
         105   24.375000000000036       0.29999999999999999     
         106   24.675000000000036       0.29999999999999999     
         107   24.975000000000037       0.29999999999999999     
         108   25.275000000000038       0.29999999999999999     
         109   25.575000000000038       0.29999999999999999     
         110   25.875000000000039       0.29999999999999999     
         111   26.175000000000040       0.29999999999999999     
         112   26.475000000000041       0.29999999999999999     
         113   26.775000000000041       0.29999999999999999     
         114   27.075000000000042       0.29999999999999999     
         115   27.375000000000043       0.29999999999999999     
         116   27.675000000000043       0.29999999999999999     
         117   27.975000000000044       0.29999999999999999     
         118   28.275000000000045       0.29999999999999999     
         119   28.575000000000045       0.29999999999999999     
         120   28.875000000000046       0.29999999999999999     
         121   29.175000000000047       0.29999999999999999     
         122   29.475000000000048       0.29999999999999999     
         123   29.775000000000048       0.29999999999999999     
         124   30.075000000000049       0.29999999999999999     
         125   30.375000000000050       0.29999999999999999     
         126   30.675000000000050       0.29999999999999999     
         127   30.975000000000051       0.29999999999999999     
         128   31.275000000000052       0.29999999999999999     
         129   31.575000000000053       0.29999999999999999     
         130   31.875000000000053       0.29999999999999999     
         131   32.175000000000054       0.29999999999999999     
         132   32.475000000000051       0.29999999999999999     
         133   32.775000000000048       0.29999999999999999     
         134   33.075000000000045       0.29999999999999999     
         135   33.375000000000043       0.29999999999999999     
         136   33.675000000000040       0.29999999999999999     
         137   33.975000000000037       0.29999999999999999     
         138   34.275000000000034       0.29999999999999999     
         139   34.575000000000031       0.29999999999999999     
         140   34.875000000000028       0.29999999999999999     
         141   35.175000000000026       0.29999999999999999     
         142   35.475000000000023       0.29999999999999999     
         143   35.775000000000020       0.29999999999999999     
         144   36.075000000000017       0.29999999999999999     
         145   36.375000000000014       0.29999999999999999     
         146   36.675000000000011       0.29999999999999999     
         147   36.975000000000009       0.29999999999999999     
         148   37.275000000000006       0.29999999999999999     
         149   37.575000000000003       0.29999999999999999     
         150   37.875000000000000       0.29999999999999999     
         151   38.174999999999997       0.29999999999999999     
         152   38.474999999999994       0.29999999999999999     
         153   38.774999999999991       0.29999999999999999     
         154   39.074999999999989       0.29999999999999999     
         155   39.374999999999986       0.29999999999999999     
         156   39.674999999999983       0.29999999999999999     
         157   39.974999999999980       0.29999999999999999     
         158   40.274999999999977       0.29999999999999999     
         159   40.574999999999974       0.29999999999999999     
         160   40.874999999999972       0.29999999999999999     
         161   41.174999999999969       0.29999999999999999     
         162   41.474999999999966       0.29999999999999999     
         163   41.774999999999963       0.29999999999999999     
         164   42.074999999999960       0.29999999999999999     
         165   42.374999999999957       0.29999999999999999     
         166   42.674999999999955       0.29999999999999999     
         167   42.974999999999952       0.29999999999999999     
         168   43.274999999999949       0.29999999999999999     
         169   43.574999999999946       0.29999999999999999     
         170   43.874999999999943       0.29999999999999999     
         171   44.174999999999940       0.29999999999999999     
         172   44.474999999999937       0.29999999999999999     
         173   44.774999999999935       0.29999999999999999     
         174   45.074999999999932       0.29999999999999999     
         175   45.374999999999929       0.29999999999999999     
         176   45.674999999999926       0.29999999999999999     
         177   45.974999999999923       0.29999999999999999     
         178   46.274999999999920       0.29999999999999999     
         179   48.924999999999919        5.0000000000000000     
         180   53.924999999999919        5.0000000000000000     
         181   58.924999999999919        5.0000000000000000     
         182   63.924999999999919        5.0000000000000000     
         183   68.924999999999926        5.0000000000000000     
         184   73.924999999999926        5.0000000000000000     
         185   78.924999999999926        5.0000000000000000     
         186   83.924999999999926        5.0000000000000000     
         187   88.924999999999926        5.0000000000000000     
         188   93.924999999999926        5.0000000000000000     
         189   98.924999999999926        5.0000000000000000     
         190   103.92499999999993        5.0000000000000000     
         191   108.92499999999993        5.0000000000000000     
         192   113.92499999999993        5.0000000000000000     
         193   118.92499999999993        5.0000000000000000     
         194   123.92499999999993        5.0000000000000000     
         195   128.92499999999993        5.0000000000000000     
         196   133.92499999999993        5.0000000000000000     
         197   138.92499999999993        5.0000000000000000     
         198   143.92499999999993        5.0000000000000000     
         199   0.0000000000000000        0.0000000000000000     
      j,      r,      dr
           0   0.0000000000000000        5.0000000000000003E-002
           1   5.0000000000000003E-002   5.0000000000000003E-002
           2  0.10000000000000001        5.0000000000000003E-002
           3  0.15000000000000002        5.0000000000000003E-002
           4  0.20000000000000001        5.0000000000000003E-002
           5  0.25000000000000000        5.0000000000000003E-002
           6  0.29999999999999999        5.0000000000000003E-002
           7  0.34999999999999998        5.0000000000000003E-002
           8  0.39999999999999997        5.0000000000000003E-002
           9  0.44999999999999996        5.0000000000000003E-002
          10  0.49999999999999994        5.0000000000000003E-002
          11  0.54999999999999993        5.0000000000000003E-002
          12  0.59999999999999998        5.0000000000000003E-002
          13  0.65000000000000002        5.0000000000000003E-002
          14  0.70000000000000007        5.0000000000000003E-002
          15  0.75000000000000011        5.0000000000000003E-002
          16  0.80000000000000016        5.0000000000000003E-002
          17  0.85000000000000020        5.0000000000000003E-002
          18  0.90000000000000024        5.0000000000000003E-002
          19  0.95000000000000029        5.0000000000000003E-002
          20   1.0000000000000002        5.0000000000000003E-002
          21   1.0500000000000003        5.0000000000000003E-002
          22   1.1000000000000003        5.0000000000000003E-002
          23   1.1500000000000004        5.0000000000000003E-002
          24   1.2000000000000004        5.0000000000000003E-002
          25   1.2500000000000004        5.0000000000000003E-002
          26   1.3000000000000005        5.0000000000000003E-002
          27   1.3500000000000005        5.0000000000000003E-002
          28   1.4000000000000006        5.0000000000000003E-002
          29   1.4500000000000006        5.0000000000000003E-002
          30   1.5000000000000007        5.0000000000000003E-002
          31   1.7750000000000008       0.50000000000000000     
          32   2.2750000000000008       0.50000000000000000     
          33   2.7750000000000008       0.50000000000000000     
          34   3.2750000000000008       0.50000000000000000     
          35   3.7750000000000008       0.50000000000000000     
          36   4.2750000000000004       0.50000000000000000     
          37   4.7750000000000004       0.50000000000000000     
          38   5.2750000000000004       0.50000000000000000     
          39   5.7750000000000004       0.50000000000000000     
          40   6.2750000000000004       0.50000000000000000     
          41   6.7750000000000004       0.50000000000000000     
          42   7.2750000000000004       0.50000000000000000     
          43   7.7750000000000004       0.50000000000000000     
          44   8.2750000000000004       0.50000000000000000     
          45   8.7750000000000004       0.50000000000000000     
          46   9.2750000000000004       0.50000000000000000     
          47   9.7750000000000004       0.50000000000000000     
          48   10.275000000000000       0.50000000000000000     
          49   10.775000000000000       0.50000000000000000     
          50   11.275000000000000       0.50000000000000000     
          51   12.025000000000000        1.0000000000000000     
          52   13.025000000000000        1.0000000000000000     
          53   14.025000000000000        1.0000000000000000     
          54   15.025000000000000        1.0000000000000000     
          55   16.024999999999999        1.0000000000000000     
          56   17.024999999999999        1.0000000000000000     
          57   18.024999999999999        1.0000000000000000     
          58   19.024999999999999        1.0000000000000000     
          59   20.024999999999999        1.0000000000000000     
          60   21.024999999999999        1.0000000000000000     
          61   22.024999999999999        1.0000000000000000     
          62   23.024999999999999        1.0000000000000000     
          63   24.024999999999999        1.0000000000000000     
          64   25.024999999999999        1.0000000000000000     
          65   26.024999999999999        1.0000000000000000     
          66   27.024999999999999        1.0000000000000000     
          67   28.024999999999999        1.0000000000000000     
          68   29.024999999999999        1.0000000000000000     
          69   30.024999999999999        1.0000000000000000     
          70   31.024999999999999        1.0000000000000000     
          71   34.024999999999999        5.0000000000000000     
          72   39.024999999999999        5.0000000000000000     
          73   44.024999999999999        5.0000000000000000     
          74   49.024999999999999        5.0000000000000000     
          75   54.024999999999999        5.0000000000000000     
          76   59.024999999999999        5.0000000000000000     
          77   64.025000000000006        5.0000000000000000     
          78   69.025000000000006        5.0000000000000000     
          79   74.025000000000006        5.0000000000000000     
          80   79.025000000000006        5.0000000000000000     
          81   84.025000000000006        5.0000000000000000     
          82   89.025000000000006        5.0000000000000000     
          83   94.025000000000006        5.0000000000000000     
          84   99.025000000000006        5.0000000000000000     
          85   104.02500000000001        5.0000000000000000     
          86   109.02500000000001        5.0000000000000000     
          87   114.02500000000001        5.0000000000000000     
          88   119.02500000000001        5.0000000000000000     
          89   124.02500000000001        5.0000000000000000     
          90   129.02500000000001        5.0000000000000000     
          91   151.52500000000001        40.000000000000000     
          92   191.52500000000001        40.000000000000000     
          93   231.52500000000001        40.000000000000000     
          94   271.52499999999998        40.000000000000000     
          95   311.52499999999998        40.000000000000000     
          96   351.52499999999998        40.000000000000000     
          97   391.52499999999998        40.000000000000000     
          98   431.52499999999998        40.000000000000000     
          99   0.0000000000000000        0.0000000000000000     
