      i,      z,      dz 
           0   0.0000000000000000        100.00000000000000     
           1   100.00000000000000        100.00000000000000     
           2   200.00000000000000        100.00000000000000     
           3   300.00000000000000        100.00000000000000     
           4   400.00000000000000        100.00000000000000     
           5   500.00000000000000        100.00000000000000     
           6   600.00000000000000        100.00000000000000     
           7   700.00000000000000        100.00000000000000     
           8   800.00000000000000        100.00000000000000     
           9   900.00000000000000        100.00000000000000     
          10   1000.0000000000000        100.00000000000000     
          11   1100.0000000000000        100.00000000000000     
          12   1200.0000000000000        100.00000000000000     
          13   1300.0000000000000        100.00000000000000     
          14   1400.0000000000000        100.00000000000000     
          15   1500.0000000000000        100.00000000000000     
          16   1600.0000000000000        100.00000000000000     
          17   1700.0000000000000        100.00000000000000     
          18   1800.0000000000000        100.00000000000000     
          19   1900.0000000000000        100.00000000000000     
          20   2000.0000000000000        100.00000000000000     
          21   2100.0000000000000        100.00000000000000     
          22   2200.0000000000000        100.00000000000000     
          23   2300.0000000000000        100.00000000000000     
          24   2400.0000000000000        100.00000000000000     
          25   2500.0000000000000        100.00000000000000     
          26   2575.0000000000000        50.000000000000000     
          27   2625.0000000000000        50.000000000000000     
          28   2675.0000000000000        50.000000000000000     
          29   2725.0000000000000        50.000000000000000     
          30   2775.0000000000000        50.000000000000000     
          31   2825.0000000000000        50.000000000000000     
          32   2875.0000000000000        50.000000000000000     
          33   2925.0000000000000        50.000000000000000     
          34   2975.0000000000000        50.000000000000000     
          35   3025.0000000000000        50.000000000000000     
          36   3100.0000000000000        100.00000000000000     
          37   3200.0000000000000        100.00000000000000     
          38   3300.0000000000000        100.00000000000000     
          39   3400.0000000000000        100.00000000000000     
          40   3500.0000000000000        100.00000000000000     
          41   3600.0000000000000        100.00000000000000     
          42   3700.0000000000000        100.00000000000000     
          43   3800.0000000000000        100.00000000000000     
          44   3900.0000000000000        100.00000000000000     
          45   4000.0000000000000        100.00000000000000     
          46   4100.0000000000000        100.00000000000000     
          47   4200.0000000000000        100.00000000000000     
          48   4300.0000000000000        100.00000000000000     
          49   4400.0000000000000        100.00000000000000     
          50   4500.0000000000000        100.00000000000000     
          51   4600.0000000000000        100.00000000000000     
          52   4700.0000000000000        100.00000000000000     
          53   4800.0000000000000        100.00000000000000     
          54   4900.0000000000000        100.00000000000000     
          55   5000.0000000000000        100.00000000000000     
          56   5100.0000000000000        100.00000000000000     
          57   5200.0000000000000        100.00000000000000     
          58   5300.0000000000000        100.00000000000000     
          59   5400.0000000000000        100.00000000000000     
          60   5500.0000000000000        100.00000000000000     
          61   5600.0000000000000        100.00000000000000     
          62   5700.0000000000000        100.00000000000000     
          63   5800.0000000000000        100.00000000000000     
          64   5900.0000000000000        100.00000000000000     
          65   6000.0000000000000        100.00000000000000     
          66   6100.0000000000000        100.00000000000000     
          67   6200.0000000000000        100.00000000000000     
          68   6300.0000000000000        100.00000000000000     
          69   6400.0000000000000        100.00000000000000     
          70   6500.0000000000000        100.00000000000000     
          71   6600.0000000000000        100.00000000000000     
          72   6700.0000000000000        100.00000000000000     
          73   6800.0000000000000        100.00000000000000     
          74   6900.0000000000000        100.00000000000000     
          75   7000.0000000000000        100.00000000000000     
          76   7075.0000000000000        50.000000000000000     
          77   7125.0000000000000        50.000000000000000     
          78   7175.0000000000000        50.000000000000000     
          79   7225.0000000000000        50.000000000000000     
          80   7275.0000000000000        50.000000000000000     
          81   7325.0000000000000        50.000000000000000     
          82   7375.0000000000000        50.000000000000000     
          83   7425.0000000000000        50.000000000000000     
          84   7475.0000000000000        50.000000000000000     
          85   7525.0000000000000        50.000000000000000     
          86   7575.0000000000000        50.000000000000000     
          87   7625.0000000000000        50.000000000000000     
          88   7675.0000000000000        50.000000000000000     
          89   7725.0000000000000        50.000000000000000     
          90   7775.0000000000000        50.000000000000000     
          91   7825.0000000000000        50.000000000000000     
          92   7875.0000000000000        50.000000000000000     
          93   7925.0000000000000        50.000000000000000     
          94   7975.0000000000000        50.000000000000000     
          95   8025.0000000000000        50.000000000000000     
          96   8075.0000000000000        50.000000000000000     
          97   8125.0000000000000        50.000000000000000     
          98   8175.0000000000000        50.000000000000000     
          99   8225.0000000000000        50.000000000000000     
         100   8275.0000000000000        50.000000000000000     
         101   8325.0000000000000        50.000000000000000     
         102   8375.0000000000000        50.000000000000000     
         103   8425.0000000000000        50.000000000000000     
         104   8475.0000000000000        50.000000000000000     
         105   8525.0000000000000        50.000000000000000     
         106   8575.0000000000000        50.000000000000000     
         107   8625.0000000000000        50.000000000000000     
         108   8675.0000000000000        50.000000000000000     
         109   8725.0000000000000        50.000000000000000     
         110   8775.0000000000000        50.000000000000000     
         111   8825.0000000000000        50.000000000000000     
         112   8875.0000000000000        50.000000000000000     
         113   8925.0000000000000        50.000000000000000     
         114   8975.0000000000000        50.000000000000000     
         115   9025.0000000000000        50.000000000000000     
         116   9075.0000000000000        50.000000000000000     
         117   9125.0000000000000        50.000000000000000     
         118   9175.0000000000000        50.000000000000000     
         119   9225.0000000000000        50.000000000000000     
         120   9275.0000000000000        50.000000000000000     
         121   9325.0000000000000        50.000000000000000     
         122   9375.0000000000000        50.000000000000000     
         123   9425.0000000000000        50.000000000000000     
         124   9475.0000000000000        50.000000000000000     
         125   9525.0000000000000        50.000000000000000     
         126   9575.0000000000000        50.000000000000000     
         127   9625.0000000000000        50.000000000000000     
         128   9675.0000000000000        50.000000000000000     
         129   9725.0000000000000        50.000000000000000     
         130   9775.0000000000000        50.000000000000000     
         131   9825.0000000000000        50.000000000000000     
         132   9875.0000000000000        50.000000000000000     
         133   9925.0000000000000        50.000000000000000     
         134   9975.0000000000000        50.000000000000000     
         135   10025.000000000000        50.000000000000000     
         136   10075.000000000000        50.000000000000000     
         137   10125.000000000000        50.000000000000000     
         138   10175.000000000000        50.000000000000000     
         139   10225.000000000000        50.000000000000000     
         140   10275.000000000000        50.000000000000000     
         141   10325.000000000000        50.000000000000000     
         142   10375.000000000000        50.000000000000000     
         143   10425.000000000000        50.000000000000000     
         144   10475.000000000000        50.000000000000000     
         145   10525.000000000000        50.000000000000000     
         146   10575.000000000000        50.000000000000000     
         147   10625.000000000000        50.000000000000000     
         148   10675.000000000000        50.000000000000000     
         149   10725.000000000000        50.000000000000000     
         150   10775.000000000000        50.000000000000000     
         151   10825.000000000000        50.000000000000000     
         152   10875.000000000000        50.000000000000000     
         153   10925.000000000000        50.000000000000000     
         154   10975.000000000000        50.000000000000000     
         155   11025.000000000000        50.000000000000000     
         156   11075.000000000000        50.000000000000000     
         157   11125.000000000000        50.000000000000000     
         158   11175.000000000000        50.000000000000000     
         159   11225.000000000000        50.000000000000000     
         160   11275.000000000000        50.000000000000000     
         161   11325.000000000000        50.000000000000000     
         162   11375.000000000000        50.000000000000000     
         163   11425.000000000000        50.000000000000000     
         164   11475.000000000000        50.000000000000000     
         165   11525.000000000000        50.000000000000000     
         166   11575.000000000000        50.000000000000000     
         167   11625.000000000000        50.000000000000000     
         168   11675.000000000000        50.000000000000000     
         169   11750.000000000000        100.00000000000000     
         170   11850.000000000000        100.00000000000000     
         171   11950.000000000000        100.00000000000000     
         172   12050.000000000000        100.00000000000000     
         173   12150.000000000000        100.00000000000000     
         174   12250.000000000000        100.00000000000000     
         175   12350.000000000000        100.00000000000000     
         176   12450.000000000000        100.00000000000000     
         177   12550.000000000000        100.00000000000000     
         178   12650.000000000000        100.00000000000000     
         179   12750.000000000000        100.00000000000000     
         180   12850.000000000000        100.00000000000000     
         181   12950.000000000000        100.00000000000000     
         182   13050.000000000000        100.00000000000000     
         183   13150.000000000000        100.00000000000000     
         184   13250.000000000000        100.00000000000000     
         185   13350.000000000000        100.00000000000000     
         186   13450.000000000000        100.00000000000000     
         187   13550.000000000000        100.00000000000000     
         188   13650.000000000000        100.00000000000000     
         189   13750.000000000000        100.00000000000000     
         190   13850.000000000000        100.00000000000000     
         191   13950.000000000000        100.00000000000000     
         192   14050.000000000000        100.00000000000000     
         193   14150.000000000000        100.00000000000000     
         194   14250.000000000000        100.00000000000000     
         195   14350.000000000000        100.00000000000000     
         196   14450.000000000000        100.00000000000000     
         197   14550.000000000000        100.00000000000000     
         198   14650.000000000000        100.00000000000000     
         199   0.0000000000000000        0.0000000000000000     
      j,      r,      dr
           0   0.0000000000000000        50.000000000000000     
           1   50.000000000000000        50.000000000000000     
           2   100.00000000000000        50.000000000000000     
           3   150.00000000000000        50.000000000000000     
           4   200.00000000000000        50.000000000000000     
           5   250.00000000000000        50.000000000000000     
           6   300.00000000000000        50.000000000000000     
           7   350.00000000000000        50.000000000000000     
           8   400.00000000000000        50.000000000000000     
           9   450.00000000000000        50.000000000000000     
          10   500.00000000000000        50.000000000000000     
          11   550.00000000000000        50.000000000000000     
          12   600.00000000000000        50.000000000000000     
          13   650.00000000000000        50.000000000000000     
          14   700.00000000000000        50.000000000000000     
          15   750.00000000000000        50.000000000000000     
          16   800.00000000000000        50.000000000000000     
          17   850.00000000000000        50.000000000000000     
          18   900.00000000000000        50.000000000000000     
          19   950.00000000000000        50.000000000000000     
          20   1000.0000000000000        50.000000000000000     
          21   1050.0000000000000        50.000000000000000     
          22   1100.0000000000000        50.000000000000000     
          23   1150.0000000000000        50.000000000000000     
          24   1200.0000000000000        50.000000000000000     
          25   1250.0000000000000        50.000000000000000     
          26   1300.0000000000000        50.000000000000000     
          27   1350.0000000000000        50.000000000000000     
          28   1400.0000000000000        50.000000000000000     
          29   1450.0000000000000        50.000000000000000     
          30   1500.0000000000000        50.000000000000000     
          31   1775.0000000000000        500.00000000000000     
          32   2275.0000000000000        500.00000000000000     
          33   2775.0000000000000        500.00000000000000     
          34   3275.0000000000000        500.00000000000000     
          35   3775.0000000000000        500.00000000000000     
          36   4275.0000000000000        500.00000000000000     
          37   4775.0000000000000        500.00000000000000     
          38   5275.0000000000000        500.00000000000000     
          39   5775.0000000000000        500.00000000000000     
          40   6275.0000000000000        500.00000000000000     
          41   6775.0000000000000        500.00000000000000     
          42   7275.0000000000000        500.00000000000000     
          43   7775.0000000000000        500.00000000000000     
          44   8275.0000000000000        500.00000000000000     
          45   8775.0000000000000        500.00000000000000     
          46   9275.0000000000000        500.00000000000000     
          47   9775.0000000000000        500.00000000000000     
          48   10275.000000000000        500.00000000000000     
          49   10775.000000000000        500.00000000000000     
          50   11275.000000000000        500.00000000000000     
          51   12025.000000000000        1000.0000000000000     
          52   13025.000000000000        1000.0000000000000     
          53   14025.000000000000        1000.0000000000000     
          54   15025.000000000000        1000.0000000000000     
          55   16025.000000000000        1000.0000000000000     
          56   17025.000000000000        1000.0000000000000     
          57   18025.000000000000        1000.0000000000000     
          58   19025.000000000000        1000.0000000000000     
          59   20025.000000000000        1000.0000000000000     
          60   21025.000000000000        1000.0000000000000     
          61   22025.000000000000        1000.0000000000000     
          62   23025.000000000000        1000.0000000000000     
          63   24025.000000000000        1000.0000000000000     
          64   25025.000000000000        1000.0000000000000     
          65   26025.000000000000        1000.0000000000000     
          66   27025.000000000000        1000.0000000000000     
          67   28025.000000000000        1000.0000000000000     
          68   29025.000000000000        1000.0000000000000     
          69   30025.000000000000        1000.0000000000000     
          70   31025.000000000000        1000.0000000000000     
          71   34025.000000000000        5000.0000000000000     
          72   39025.000000000000        5000.0000000000000     
          73   44025.000000000000        5000.0000000000000     
          74   49025.000000000000        5000.0000000000000     
          75   54025.000000000000        5000.0000000000000     
          76   59025.000000000000        5000.0000000000000     
          77   64025.000000000000        5000.0000000000000     
          78   69025.000000000000        5000.0000000000000     
          79   74025.000000000000        5000.0000000000000     
          80   79025.000000000000        5000.0000000000000     
          81   84025.000000000000        5000.0000000000000     
          82   89025.000000000000        5000.0000000000000     
          83   94025.000000000000        5000.0000000000000     
          84   99025.000000000000        5000.0000000000000     
          85   104025.00000000000        5000.0000000000000     
          86   109025.00000000000        5000.0000000000000     
          87   114025.00000000000        5000.0000000000000     
          88   119025.00000000000        5000.0000000000000     
          89   124025.00000000000        5000.0000000000000     
          90   129025.00000000000        5000.0000000000000     
          91   134025.00000000000        5000.0000000000000     
          92   139025.00000000000        5000.0000000000000     
          93   144025.00000000000        5000.0000000000000     
          94   149025.00000000000        5000.0000000000000     
          95   154025.00000000000        5000.0000000000000     
          96   159025.00000000000        5000.0000000000000     
          97   164025.00000000000        5000.0000000000000     
          98   169025.00000000000        5000.0000000000000     
          99   0.0000000000000000        0.0000000000000000     
