 axial values of z
  0.00E+00  1.00E+02  2.00E+02  3.00E+02  4.00E+02  5.00E+02  6.00E+02  7.00E+02  8.00E+02  9.00E+02
  1.00E+03  1.10E+03  1.20E+03  1.30E+03  1.40E+03  1.50E+03  1.60E+03  1.70E+03  1.80E+03  1.90E+03
  2.00E+03  2.10E+03  2.20E+03  2.30E+03  2.40E+03  2.50E+03  2.58E+03  2.62E+03  2.68E+03  2.72E+03
  2.78E+03  2.82E+03  2.88E+03  2.92E+03  2.98E+03  3.02E+03  3.10E+03  3.20E+03  3.30E+03  3.40E+03
  3.50E+03  3.60E+03  3.70E+03  3.80E+03  3.90E+03  4.00E+03  4.10E+03  4.20E+03  4.30E+03  4.40E+03
  4.50E+03  4.60E+03  4.70E+03  4.80E+03  4.90E+03  5.00E+03  5.10E+03  5.20E+03  5.30E+03  5.40E+03
  5.50E+03  5.60E+03  5.70E+03  5.80E+03  5.90E+03  6.00E+03  6.10E+03  6.20E+03  6.30E+03  6.40E+03
  6.50E+03  6.60E+03  6.70E+03  6.80E+03  6.90E+03  7.00E+03  7.08E+03  7.12E+03  7.18E+03  7.22E+03
  7.28E+03  7.32E+03  7.38E+03  7.42E+03  7.48E+03  7.52E+03  7.58E+03  7.62E+03  7.68E+03  7.72E+03
  7.78E+03  7.82E+03  7.88E+03  7.92E+03  7.98E+03  8.02E+03  8.08E+03  8.12E+03  8.18E+03  8.22E+03
  8.28E+03  8.32E+03  8.38E+03  8.42E+03  8.48E+03  8.52E+03  8.58E+03  8.62E+03  8.68E+03  8.72E+03
  8.78E+03  8.82E+03  8.88E+03  8.92E+03  8.98E+03  9.02E+03  9.08E+03  9.12E+03  9.18E+03  9.22E+03
  9.28E+03  9.32E+03  9.38E+03  9.42E+03  9.48E+03  9.52E+03  9.58E+03  9.62E+03  9.68E+03  9.72E+03
  9.78E+03  9.82E+03  9.88E+03  9.92E+03  9.98E+03  1.00E+04  1.01E+04  1.01E+04  1.02E+04  1.02E+04
  1.03E+04  1.03E+04  1.04E+04  1.04E+04  1.05E+04  1.05E+04  1.06E+04  1.06E+04  1.07E+04  1.07E+04
  1.08E+04  1.08E+04  1.09E+04  1.09E+04  1.10E+04  1.10E+04  1.11E+04  1.11E+04  1.12E+04  1.12E+04
  1.13E+04  1.13E+04  1.14E+04  1.14E+04  1.15E+04  1.15E+04  1.16E+04  1.16E+04  1.17E+04  1.18E+04
  1.18E+04  1.20E+04  1.20E+04  1.22E+04  1.22E+04  1.24E+04  1.24E+04  1.26E+04  1.26E+04  1.28E+04
  1.28E+04  1.30E+04  1.30E+04  1.32E+04  1.32E+04  1.34E+04  1.34E+04  1.36E+04  1.36E+04  1.38E+04
  1.38E+04  1.40E+04  1.40E+04  1.42E+04  1.42E+04  1.44E+04  1.44E+04  1.46E+04  1.46E+04
 radial values of r
  0.00E+00  5.00E+01  1.00E+02  1.50E+02  2.00E+02  2.50E+02  3.00E+02  3.50E+02  4.00E+02  4.50E+02
  5.00E+02  5.50E+02  6.00E+02  6.50E+02  7.00E+02  7.50E+02  8.00E+02  8.50E+02  9.00E+02  9.50E+02
  1.00E+03  1.05E+03  1.10E+03  1.15E+03  1.20E+03  1.25E+03  1.30E+03  1.35E+03  1.40E+03  1.45E+03
  1.50E+03  1.78E+03  2.28E+03  2.78E+03  3.28E+03  3.78E+03  4.28E+03  4.78E+03  5.28E+03  5.78E+03
  6.28E+03  6.78E+03  7.28E+03  7.78E+03  8.28E+03  8.78E+03  9.28E+03  9.78E+03  1.03E+04  1.08E+04
  1.13E+04  1.20E+04  1.30E+04  1.40E+04  1.50E+04  1.60E+04  1.70E+04  1.80E+04  1.90E+04  2.00E+04
  2.10E+04  2.20E+04  2.30E+04  2.40E+04  2.50E+04  2.60E+04  2.70E+04  2.80E+04  2.90E+04  3.00E+04
  3.10E+04  3.40E+04  3.90E+04  4.40E+04  4.90E+04  5.40E+04  5.90E+04  6.40E+04  6.90E+04  7.40E+04
  7.90E+04  8.40E+04  8.90E+04  9.40E+04  9.90E+04  1.04E+05  1.09E+05  1.14E+05  1.19E+05  1.24E+05
  1.29E+05  1.34E+05  1.39E+05  1.44E+05  1.49E+05  1.54E+05  1.59E+05  1.64E+05  1.69E+05
