 -1.69E+05
 -1.64E+05
 -1.59E+05
 -1.54E+05
 -1.49E+05
 -1.44E+05
 -1.39E+05
 -1.34E+05
 -1.29E+05
 -1.24E+05
 -1.19E+05
 -1.14E+05
 -1.09E+05
 -1.04E+05
 -9.90E+04
 -9.40E+04
 -8.90E+04
 -8.40E+04
 -7.90E+04
 -7.40E+04
 -6.90E+04
 -6.40E+04
 -5.90E+04
 -5.40E+04
 -4.90E+04
 -4.40E+04
 -3.90E+04
 -3.40E+04
 -3.10E+04
 -3.00E+04
 -2.90E+04
 -2.80E+04
 -2.70E+04
 -2.60E+04
 -2.50E+04
 -2.40E+04
 -2.30E+04
 -2.20E+04
 -2.10E+04
 -2.00E+04
 -1.90E+04
 -1.80E+04
 -1.70E+04
 -1.60E+04
 -1.50E+04
 -1.40E+04
 -1.30E+04
 -1.20E+04
 -1.13E+04
 -1.08E+04
 -1.03E+04
 -9.78E+03
 -9.28E+03
 -8.78E+03
 -8.28E+03
 -7.78E+03
 -7.28E+03
 -6.78E+03
 -6.28E+03
 -5.78E+03
 -5.28E+03
 -4.78E+03
 -4.28E+03
 -3.78E+03
 -3.28E+03
 -2.78E+03
 -2.28E+03
 -1.78E+03
 -1.50E+03
 -1.45E+03
 -1.40E+03
 -1.35E+03
 -1.30E+03
 -1.25E+03
 -1.20E+03
 -1.15E+03
 -1.10E+03
 -1.05E+03
 -1.00E+03
 -9.50E+02
 -9.00E+02
 -8.50E+02
 -8.00E+02
 -7.50E+02
 -7.00E+02
 -6.50E+02
 -6.00E+02
 -5.50E+02
 -5.00E+02
 -4.50E+02
 -4.00E+02
 -3.50E+02
 -3.00E+02
 -2.50E+02
 -2.00E+02
 -1.50E+02
 -1.00E+02
 -5.00E+01
  5.00E+01
  1.00E+02
  1.50E+02
  2.00E+02
  2.50E+02
  3.00E+02
  3.50E+02
  4.00E+02
  4.50E+02
  5.00E+02
  5.50E+02
  6.00E+02
  6.50E+02
  7.00E+02
  7.50E+02
  8.00E+02
  8.50E+02
  9.00E+02
  9.50E+02
  1.00E+03
  1.05E+03
  1.10E+03
  1.15E+03
  1.20E+03
  1.25E+03
  1.30E+03
  1.35E+03
  1.40E+03
  1.45E+03
  1.50E+03
  1.78E+03
  2.28E+03
  2.78E+03
  3.28E+03
  3.78E+03
  4.28E+03
  4.78E+03
  5.28E+03
  5.78E+03
  6.28E+03
  6.78E+03
  7.28E+03
  7.78E+03
  8.28E+03
  8.78E+03
  9.28E+03
  9.78E+03
  1.03E+04
  1.08E+04
  1.13E+04
  1.20E+04
  1.30E+04
  1.40E+04
  1.50E+04
  1.60E+04
  1.70E+04
  1.80E+04
  1.90E+04
  2.00E+04
  2.10E+04
  2.20E+04
  2.30E+04
  2.40E+04
  2.50E+04
  2.60E+04
  2.70E+04
  2.80E+04
  2.90E+04
  3.00E+04
  3.10E+04
  3.40E+04
  3.90E+04
  4.40E+04
  4.90E+04
  5.40E+04
  5.90E+04
  6.40E+04
  6.90E+04
  7.40E+04
  7.90E+04
  8.40E+04
  8.90E+04
  9.40E+04
  9.90E+04
  1.04E+05
  1.09E+05
  1.14E+05
  1.19E+05
  1.24E+05
  1.29E+05
  1.34E+05
  1.39E+05
  1.44E+05
  1.49E+05
  1.54E+05
  1.59E+05
  1.64E+05
  1.69E+05
