      i,      z,      dz 
           0   0.0000000000000000       0.10000000000000001     
           1  0.10000000000000001       0.10000000000000001     
           2  0.20000000000000001       0.10000000000000001     
           3  0.30000000000000004       0.10000000000000001     
           4  0.40000000000000002       0.10000000000000001     
           5  0.50000000000000000       0.10000000000000001     
           6  0.59999999999999998       0.10000000000000001     
           7  0.69999999999999996       0.10000000000000001     
           8  0.79999999999999993       0.10000000000000001     
           9  0.89999999999999991       0.10000000000000001     
          10  0.99999999999999989       0.10000000000000001     
          11   1.0999999999999999       0.10000000000000001     
          12   1.2000000000000000       0.10000000000000001     
          13   1.3000000000000000       0.10000000000000001     
          14   1.4000000000000001       0.10000000000000001     
          15   1.5000000000000002       0.10000000000000001     
          16   1.6000000000000003       0.10000000000000001     
          17   1.7000000000000004       0.10000000000000001     
          18   1.8000000000000005       0.10000000000000001     
          19   1.9000000000000006       0.10000000000000001     
          20   2.0000000000000004       0.10000000000000001     
          21   2.1000000000000005       0.10000000000000001     
          22   2.2000000000000006       0.10000000000000001     
          23   2.3000000000000007       0.10000000000000001     
          24   2.4000000000000008       0.10000000000000001     
          25   2.5000000000000009       0.10000000000000001     
          26   2.5750000000000011        5.0000000000000003E-002
          27   2.6250000000000009        5.0000000000000003E-002
          28   2.6750000000000007        5.0000000000000003E-002
          29   2.7250000000000005        5.0000000000000003E-002
          30   2.7750000000000004        5.0000000000000003E-002
          31   2.8250000000000002        5.0000000000000003E-002
          32   2.8750000000000000        5.0000000000000003E-002
          33   2.9249999999999998        5.0000000000000003E-002
          34   2.9749999999999996        5.0000000000000003E-002
          35   3.0249999999999995        5.0000000000000003E-002
          36   3.0999999999999996       0.10000000000000001     
          37   3.1999999999999997       0.10000000000000001     
          38   3.2999999999999998       0.10000000000000001     
          39   3.3999999999999999       0.10000000000000001     
          40   3.5000000000000000       0.10000000000000001     
          41   3.6000000000000001       0.10000000000000001     
          42   3.7000000000000002       0.10000000000000001     
          43   3.8000000000000003       0.10000000000000001     
          44   3.9000000000000004       0.10000000000000001     
          45   4.0000000000000000       0.10000000000000001     
          46   4.0999999999999996       0.10000000000000001     
          47   4.1999999999999993       0.10000000000000001     
          48   4.2999999999999989       0.10000000000000001     
          49   4.3999999999999986       0.10000000000000001     
          50   4.4999999999999982       0.10000000000000001     
          51   4.5999999999999979       0.10000000000000001     
          52   4.6999999999999975       0.10000000000000001     
          53   4.7999999999999972       0.10000000000000001     
          54   4.8999999999999968       0.10000000000000001     
          55   4.9999999999999964       0.10000000000000001     
          56   5.0999999999999961       0.10000000000000001     
          57   5.1999999999999957       0.10000000000000001     
          58   5.2999999999999954       0.10000000000000001     
          59   5.3999999999999950       0.10000000000000001     
          60   5.4999999999999947       0.10000000000000001     
          61   5.5999999999999943       0.10000000000000001     
          62   5.6999999999999940       0.10000000000000001     
          63   5.7999999999999936       0.10000000000000001     
          64   5.8999999999999932       0.10000000000000001     
          65   5.9999999999999929       0.10000000000000001     
          66   6.0999999999999925       0.10000000000000001     
          67   6.1999999999999922       0.10000000000000001     
          68   6.2999999999999918       0.10000000000000001     
          69   6.3999999999999915       0.10000000000000001     
          70   6.4999999999999911       0.10000000000000001     
          71   6.5999999999999908       0.10000000000000001     
          72   6.6999999999999904       0.10000000000000001     
          73   6.7999999999999901       0.10000000000000001     
          74   6.8999999999999897       0.10000000000000001     
          75   6.9999999999999893       0.10000000000000001     
          76   7.0749999999999895        5.0000000000000003E-002
          77   7.1249999999999893        5.0000000000000003E-002
          78   7.1749999999999892        5.0000000000000003E-002
          79   7.2249999999999890        5.0000000000000003E-002
          80   7.2749999999999888        5.0000000000000003E-002
          81   7.3249999999999886        5.0000000000000003E-002
          82   7.3749999999999885        5.0000000000000003E-002
          83   7.4249999999999883        5.0000000000000003E-002
          84   7.4749999999999881        5.0000000000000003E-002
          85   7.5249999999999879        5.0000000000000003E-002
          86   7.5749999999999877        5.0000000000000003E-002
          87   7.6249999999999876        5.0000000000000003E-002
          88   7.6749999999999874        5.0000000000000003E-002
          89   7.7249999999999872        5.0000000000000003E-002
          90   7.7749999999999870        5.0000000000000003E-002
          91   7.8249999999999869        5.0000000000000003E-002
          92   7.8749999999999867        5.0000000000000003E-002
          93   7.9249999999999865        5.0000000000000003E-002
          94   7.9749999999999863        5.0000000000000003E-002
          95   8.0249999999999861        5.0000000000000003E-002
          96   8.0749999999999869        5.0000000000000003E-002
          97   8.1249999999999876        5.0000000000000003E-002
          98   8.1749999999999883        5.0000000000000003E-002
          99   8.2249999999999890        5.0000000000000003E-002
         100   8.2749999999999897        5.0000000000000003E-002
         101   8.3249999999999904        5.0000000000000003E-002
         102   8.3749999999999911        5.0000000000000003E-002
         103   8.4249999999999918        5.0000000000000003E-002
         104   8.4749999999999925        5.0000000000000003E-002
         105   8.5249999999999932        5.0000000000000003E-002
         106   8.5749999999999940        5.0000000000000003E-002
         107   8.6249999999999947        5.0000000000000003E-002
         108   8.6749999999999954        5.0000000000000003E-002
         109   8.7249999999999961        5.0000000000000003E-002
         110   8.7749999999999968        5.0000000000000003E-002
         111   8.8249999999999975        5.0000000000000003E-002
         112   8.8749999999999982        5.0000000000000003E-002
         113   8.9249999999999989        5.0000000000000003E-002
         114   8.9749999999999996        5.0000000000000003E-002
         115   9.0250000000000004        5.0000000000000003E-002
         116   9.0750000000000011        5.0000000000000003E-002
         117   9.1250000000000018        5.0000000000000003E-002
         118   9.1750000000000025        5.0000000000000003E-002
         119   9.2250000000000032        5.0000000000000003E-002
         120   9.2750000000000039        5.0000000000000003E-002
         121   9.3250000000000046        5.0000000000000003E-002
         122   9.3750000000000053        5.0000000000000003E-002
         123   9.4250000000000060        5.0000000000000003E-002
         124   9.4750000000000068        5.0000000000000003E-002
         125   9.5250000000000075        5.0000000000000003E-002
         126   9.5750000000000082        5.0000000000000003E-002
         127   9.6250000000000089        5.0000000000000003E-002
         128   9.6750000000000096        5.0000000000000003E-002
         129   9.7250000000000103        5.0000000000000003E-002
         130   9.7750000000000110        5.0000000000000003E-002
         131   9.8250000000000117        5.0000000000000003E-002
         132   9.8750000000000124        5.0000000000000003E-002
         133   9.9250000000000131        5.0000000000000003E-002
         134   9.9750000000000139        5.0000000000000003E-002
         135   10.025000000000015        5.0000000000000003E-002
         136   10.075000000000015        5.0000000000000003E-002
         137   10.125000000000016        5.0000000000000003E-002
         138   10.175000000000017        5.0000000000000003E-002
         139   10.225000000000017        5.0000000000000003E-002
         140   10.275000000000018        5.0000000000000003E-002
         141   10.325000000000019        5.0000000000000003E-002
         142   10.375000000000020        5.0000000000000003E-002
         143   10.425000000000020        5.0000000000000003E-002
         144   10.475000000000021        5.0000000000000003E-002
         145   10.525000000000022        5.0000000000000003E-002
         146   10.575000000000022        5.0000000000000003E-002
         147   10.625000000000023        5.0000000000000003E-002
         148   10.675000000000024        5.0000000000000003E-002
         149   10.725000000000025        5.0000000000000003E-002
         150   10.775000000000025        5.0000000000000003E-002
         151   10.825000000000026        5.0000000000000003E-002
         152   10.875000000000027        5.0000000000000003E-002
         153   10.925000000000027        5.0000000000000003E-002
         154   10.975000000000028        5.0000000000000003E-002
         155   11.025000000000029        5.0000000000000003E-002
         156   11.075000000000029        5.0000000000000003E-002
         157   11.125000000000030        5.0000000000000003E-002
         158   11.175000000000031        5.0000000000000003E-002
         159   11.225000000000032        5.0000000000000003E-002
         160   11.275000000000032        5.0000000000000003E-002
         161   11.325000000000033        5.0000000000000003E-002
         162   11.375000000000034        5.0000000000000003E-002
         163   11.425000000000034        5.0000000000000003E-002
         164   11.475000000000035        5.0000000000000003E-002
         165   11.525000000000036        5.0000000000000003E-002
         166   11.575000000000037        5.0000000000000003E-002
         167   11.625000000000037        5.0000000000000003E-002
         168   11.675000000000038        5.0000000000000003E-002
         169   11.750000000000037       0.10000000000000001     
         170   11.850000000000037       0.10000000000000001     
         171   11.950000000000037       0.10000000000000001     
         172   12.050000000000036       0.10000000000000001     
         173   12.150000000000036       0.10000000000000001     
         174   12.250000000000036       0.10000000000000001     
         175   12.350000000000035       0.10000000000000001     
         176   12.450000000000035       0.10000000000000001     
         177   12.550000000000034       0.10000000000000001     
         178   12.650000000000034       0.10000000000000001     
         179   12.750000000000034       0.10000000000000001     
         180   12.850000000000033       0.10000000000000001     
         181   12.950000000000033       0.10000000000000001     
         182   13.050000000000033       0.10000000000000001     
         183   13.150000000000032       0.10000000000000001     
         184   13.250000000000032       0.10000000000000001     
         185   13.350000000000032       0.10000000000000001     
         186   13.450000000000031       0.10000000000000001     
         187   13.550000000000031       0.10000000000000001     
         188   13.650000000000031       0.10000000000000001     
         189   13.750000000000030       0.10000000000000001     
         190   13.850000000000030       0.10000000000000001     
         191   13.950000000000029       0.10000000000000001     
         192   14.050000000000029       0.10000000000000001     
         193   14.150000000000029       0.10000000000000001     
         194   14.250000000000028       0.10000000000000001     
         195   14.350000000000028       0.10000000000000001     
         196   14.450000000000028       0.10000000000000001     
         197   14.550000000000027       0.10000000000000001     
         198   14.650000000000027       0.10000000000000001     
         199   0.0000000000000000        0.0000000000000000     
      j,      r,      dr
           0   0.0000000000000000        5.0000000000000003E-002
           1   5.0000000000000003E-002   5.0000000000000003E-002
           2  0.10000000000000001        5.0000000000000003E-002
           3  0.15000000000000002        5.0000000000000003E-002
           4  0.20000000000000001        5.0000000000000003E-002
           5  0.25000000000000000        5.0000000000000003E-002
           6  0.29999999999999999        5.0000000000000003E-002
           7  0.34999999999999998        5.0000000000000003E-002
           8  0.39999999999999997        5.0000000000000003E-002
           9  0.44999999999999996        5.0000000000000003E-002
          10  0.49999999999999994        5.0000000000000003E-002
          11  0.54999999999999993        5.0000000000000003E-002
          12  0.59999999999999998        5.0000000000000003E-002
          13  0.65000000000000002        5.0000000000000003E-002
          14  0.70000000000000007        5.0000000000000003E-002
          15  0.75000000000000011        5.0000000000000003E-002
          16  0.80000000000000016        5.0000000000000003E-002
          17  0.85000000000000020        5.0000000000000003E-002
          18  0.90000000000000024        5.0000000000000003E-002
          19  0.95000000000000029        5.0000000000000003E-002
          20   1.0000000000000002        5.0000000000000003E-002
          21   1.0500000000000003        5.0000000000000003E-002
          22   1.1000000000000003        5.0000000000000003E-002
          23   1.1500000000000004        5.0000000000000003E-002
          24   1.2000000000000004        5.0000000000000003E-002
          25   1.2500000000000004        5.0000000000000003E-002
          26   1.3000000000000005        5.0000000000000003E-002
          27   1.3500000000000005        5.0000000000000003E-002
          28   1.4000000000000006        5.0000000000000003E-002
          29   1.4500000000000006        5.0000000000000003E-002
          30   1.5000000000000007        5.0000000000000003E-002
          31   1.7750000000000008       0.50000000000000000     
          32   2.2750000000000008       0.50000000000000000     
          33   2.7750000000000008       0.50000000000000000     
          34   3.2750000000000008       0.50000000000000000     
          35   3.7750000000000008       0.50000000000000000     
          36   4.2750000000000004       0.50000000000000000     
          37   4.7750000000000004       0.50000000000000000     
          38   5.2750000000000004       0.50000000000000000     
          39   5.7750000000000004       0.50000000000000000     
          40   6.2750000000000004       0.50000000000000000     
          41   6.7750000000000004       0.50000000000000000     
          42   7.2750000000000004       0.50000000000000000     
          43   7.7750000000000004       0.50000000000000000     
          44   8.2750000000000004       0.50000000000000000     
          45   8.7750000000000004       0.50000000000000000     
          46   9.2750000000000004       0.50000000000000000     
          47   9.7750000000000004       0.50000000000000000     
          48   10.275000000000000       0.50000000000000000     
          49   10.775000000000000       0.50000000000000000     
          50   11.275000000000000       0.50000000000000000     
          51   12.025000000000000        1.0000000000000000     
          52   13.025000000000000        1.0000000000000000     
          53   14.025000000000000        1.0000000000000000     
          54   15.025000000000000        1.0000000000000000     
          55   16.024999999999999        1.0000000000000000     
          56   17.024999999999999        1.0000000000000000     
          57   18.024999999999999        1.0000000000000000     
          58   19.024999999999999        1.0000000000000000     
          59   20.024999999999999        1.0000000000000000     
          60   21.024999999999999        1.0000000000000000     
          61   22.024999999999999        1.0000000000000000     
          62   23.024999999999999        1.0000000000000000     
          63   24.024999999999999        1.0000000000000000     
          64   25.024999999999999        1.0000000000000000     
          65   26.024999999999999        1.0000000000000000     
          66   27.024999999999999        1.0000000000000000     
          67   28.024999999999999        1.0000000000000000     
          68   29.024999999999999        1.0000000000000000     
          69   30.024999999999999        1.0000000000000000     
          70   31.024999999999999        1.0000000000000000     
          71   34.024999999999999        5.0000000000000000     
          72   39.024999999999999        5.0000000000000000     
          73   44.024999999999999        5.0000000000000000     
          74   49.024999999999999        5.0000000000000000     
          75   54.024999999999999        5.0000000000000000     
          76   59.024999999999999        5.0000000000000000     
          77   64.025000000000006        5.0000000000000000     
          78   69.025000000000006        5.0000000000000000     
          79   74.025000000000006        5.0000000000000000     
          80   79.025000000000006        5.0000000000000000     
          81   84.025000000000006        5.0000000000000000     
          82   89.025000000000006        5.0000000000000000     
          83   94.025000000000006        5.0000000000000000     
          84   99.025000000000006        5.0000000000000000     
          85   104.02500000000001        5.0000000000000000     
          86   109.02500000000001        5.0000000000000000     
          87   114.02500000000001        5.0000000000000000     
          88   119.02500000000001        5.0000000000000000     
          89   124.02500000000001        5.0000000000000000     
          90   129.02500000000001        5.0000000000000000     
          91   134.02500000000001        5.0000000000000000     
          92   139.02500000000001        5.0000000000000000     
          93   144.02500000000001        5.0000000000000000     
          94   149.02500000000001        5.0000000000000000     
          95   154.02500000000001        5.0000000000000000     
          96   159.02500000000001        5.0000000000000000     
          97   164.02500000000001        5.0000000000000000     
          98   169.02500000000001        5.0000000000000000     
          99   0.0000000000000000        0.0000000000000000     
