 axial values of z
  0.00E+00  1.00E-01  2.00E-01  3.00E-01  4.00E-01  5.00E-01  6.00E-01  7.00E-01  8.00E-01  9.00E-01
  1.00E+00  1.10E+00  1.20E+00  1.30E+00  1.40E+00  1.50E+00  1.60E+00  1.70E+00  1.80E+00  1.90E+00
  2.00E+00  2.10E+00  2.20E+00  2.30E+00  2.40E+00  2.50E+00  2.58E+00  2.63E+00  2.68E+00  2.73E+00
  2.78E+00  2.83E+00  2.88E+00  2.92E+00  2.97E+00  3.02E+00  3.10E+00  3.20E+00  3.30E+00  3.40E+00
  3.50E+00  3.60E+00  3.70E+00  3.80E+00  3.90E+00  4.00E+00  4.10E+00  4.20E+00  4.30E+00  4.40E+00
  4.50E+00  4.60E+00  4.70E+00  4.80E+00  4.90E+00  5.00E+00  5.10E+00  5.20E+00  5.30E+00  5.40E+00
  5.50E+00  5.60E+00  5.70E+00  5.80E+00  5.90E+00  6.00E+00  6.10E+00  6.20E+00  6.30E+00  6.40E+00
  6.50E+00  6.60E+00  6.70E+00  6.80E+00  6.90E+00  7.00E+00  7.07E+00  7.12E+00  7.17E+00  7.22E+00
  7.27E+00  7.32E+00  7.37E+00  7.42E+00  7.47E+00  7.52E+00  7.57E+00  7.62E+00  7.67E+00  7.72E+00
  7.77E+00  7.82E+00  7.87E+00  7.92E+00  7.97E+00  8.02E+00  8.07E+00  8.12E+00  8.17E+00  8.22E+00
  8.27E+00  8.32E+00  8.37E+00  8.42E+00  8.47E+00  8.52E+00  8.57E+00  8.62E+00  8.67E+00  8.72E+00
  8.77E+00  8.82E+00  8.87E+00  8.92E+00  8.97E+00  9.03E+00  9.08E+00  9.13E+00  9.18E+00  9.23E+00
  9.28E+00  9.33E+00  9.38E+00  9.43E+00  9.48E+00  9.53E+00  9.58E+00  9.63E+00  9.68E+00  9.73E+00
  9.78E+00  9.83E+00  9.88E+00  9.93E+00  9.98E+00  1.00E+01  1.01E+01  1.01E+01  1.02E+01  1.02E+01
  1.03E+01  1.03E+01  1.04E+01  1.04E+01  1.05E+01  1.05E+01  1.06E+01  1.06E+01  1.07E+01  1.07E+01
  1.08E+01  1.08E+01  1.09E+01  1.09E+01  1.10E+01  1.10E+01  1.11E+01  1.11E+01  1.12E+01  1.12E+01
  1.13E+01  1.13E+01  1.14E+01  1.14E+01  1.15E+01  1.15E+01  1.16E+01  1.16E+01  1.17E+01  1.18E+01
  1.19E+01  1.20E+01  1.21E+01  1.22E+01  1.23E+01  1.24E+01  1.25E+01  1.26E+01  1.27E+01  1.28E+01
  1.29E+01  1.30E+01  1.31E+01  1.32E+01  1.33E+01  1.34E+01  1.35E+01  1.36E+01  1.37E+01  1.38E+01
  1.39E+01  1.40E+01  1.41E+01  1.42E+01  1.43E+01  1.44E+01  1.45E+01  1.46E+01  1.47E+01
 radial values of r
  0.00E+00  5.00E-02  1.00E-01  1.50E-01  2.00E-01  2.50E-01  3.00E-01  3.50E-01  4.00E-01  4.50E-01
  5.00E-01  5.50E-01  6.00E-01  6.50E-01  7.00E-01  7.50E-01  8.00E-01  8.50E-01  9.00E-01  9.50E-01
  1.00E+00  1.05E+00  1.10E+00  1.15E+00  1.20E+00  1.25E+00  1.30E+00  1.35E+00  1.40E+00  1.45E+00
  1.50E+00  1.78E+00  2.28E+00  2.78E+00  3.28E+00  3.78E+00  4.28E+00  4.78E+00  5.28E+00  5.78E+00
  6.28E+00  6.78E+00  7.28E+00  7.78E+00  8.28E+00  8.78E+00  9.28E+00  9.78E+00  1.03E+01  1.08E+01
  1.13E+01  1.20E+01  1.30E+01  1.40E+01  1.50E+01  1.60E+01  1.70E+01  1.80E+01  1.90E+01  2.00E+01
  2.10E+01  2.20E+01  2.30E+01  2.40E+01  2.50E+01  2.60E+01  2.70E+01  2.80E+01  2.90E+01  3.00E+01
  3.10E+01  3.40E+01  3.90E+01  4.40E+01  4.90E+01  5.40E+01  5.90E+01  6.40E+01  6.90E+01  7.40E+01
  7.90E+01  8.40E+01  8.90E+01  9.40E+01  9.90E+01  1.04E+02  1.09E+02  1.14E+02  1.19E+02  1.24E+02
  1.29E+02  1.34E+02  1.39E+02  1.44E+02  1.49E+02  1.54E+02  1.59E+02  1.64E+02  1.69E+02
