 -1.69E+02
 -1.64E+02
 -1.59E+02
 -1.54E+02
 -1.49E+02
 -1.44E+02
 -1.39E+02
 -1.34E+02
 -1.29E+02
 -1.24E+02
 -1.19E+02
 -1.14E+02
 -1.09E+02
 -1.04E+02
 -9.90E+01
 -9.40E+01
 -8.90E+01
 -8.40E+01
 -7.90E+01
 -7.40E+01
 -6.90E+01
 -6.40E+01
 -5.90E+01
 -5.40E+01
 -4.90E+01
 -4.40E+01
 -3.90E+01
 -3.40E+01
 -3.10E+01
 -3.00E+01
 -2.90E+01
 -2.80E+01
 -2.70E+01
 -2.60E+01
 -2.50E+01
 -2.40E+01
 -2.30E+01
 -2.20E+01
 -2.10E+01
 -2.00E+01
 -1.90E+01
 -1.80E+01
 -1.70E+01
 -1.60E+01
 -1.50E+01
 -1.40E+01
 -1.30E+01
 -1.20E+01
 -1.13E+01
 -1.08E+01
 -1.03E+01
 -9.78E+00
 -9.28E+00
 -8.78E+00
 -8.28E+00
 -7.78E+00
 -7.28E+00
 -6.78E+00
 -6.28E+00
 -5.78E+00
 -5.28E+00
 -4.78E+00
 -4.28E+00
 -3.78E+00
 -3.28E+00
 -2.78E+00
 -2.28E+00
 -1.78E+00
 -1.50E+00
 -1.45E+00
 -1.40E+00
 -1.35E+00
 -1.30E+00
 -1.25E+00
 -1.20E+00
 -1.15E+00
 -1.10E+00
 -1.05E+00
 -1.00E+00
 -9.50E-01
 -9.00E-01
 -8.50E-01
 -8.00E-01
 -7.50E-01
 -7.00E-01
 -6.50E-01
 -6.00E-01
 -5.50E-01
 -5.00E-01
 -4.50E-01
 -4.00E-01
 -3.50E-01
 -3.00E-01
 -2.50E-01
 -2.00E-01
 -1.50E-01
 -1.00E-01
 -5.00E-02
  5.00E-02
  1.00E-01
  1.50E-01
  2.00E-01
  2.50E-01
  3.00E-01
  3.50E-01
  4.00E-01
  4.50E-01
  5.00E-01
  5.50E-01
  6.00E-01
  6.50E-01
  7.00E-01
  7.50E-01
  8.00E-01
  8.50E-01
  9.00E-01
  9.50E-01
  1.00E+00
  1.05E+00
  1.10E+00
  1.15E+00
  1.20E+00
  1.25E+00
  1.30E+00
  1.35E+00
  1.40E+00
  1.45E+00
  1.50E+00
  1.78E+00
  2.28E+00
  2.78E+00
  3.28E+00
  3.78E+00
  4.28E+00
  4.78E+00
  5.28E+00
  5.78E+00
  6.28E+00
  6.78E+00
  7.28E+00
  7.78E+00
  8.28E+00
  8.78E+00
  9.28E+00
  9.78E+00
  1.03E+01
  1.08E+01
  1.13E+01
  1.20E+01
  1.30E+01
  1.40E+01
  1.50E+01
  1.60E+01
  1.70E+01
  1.80E+01
  1.90E+01
  2.00E+01
  2.10E+01
  2.20E+01
  2.30E+01
  2.40E+01
  2.50E+01
  2.60E+01
  2.70E+01
  2.80E+01
  2.90E+01
  3.00E+01
  3.10E+01
  3.40E+01
  3.90E+01
  4.40E+01
  4.90E+01
  5.40E+01
  5.90E+01
  6.40E+01
  6.90E+01
  7.40E+01
  7.90E+01
  8.40E+01
  8.90E+01
  9.40E+01
  9.90E+01
  1.04E+02
  1.09E+02
  1.14E+02
  1.19E+02
  1.24E+02
  1.29E+02
  1.34E+02
  1.39E+02
  1.44E+02
  1.49E+02
  1.54E+02
  1.59E+02
  1.64E+02
  1.69E+02
