 axial values of z
  0.00E+00  5.00E-02  1.00E-01  1.50E-01  2.00E-01  2.50E-01  3.00E-01  3.50E-01  4.00E-01  4.50E-01
  5.00E-01  5.50E-01  6.00E-01  6.50E-01  7.00E-01  7.50E-01  8.00E-01  8.50E-01  9.00E-01  9.50E-01
  1.00E+00  1.05E+00  1.10E+00  1.15E+00  1.20E+00  1.25E+00  1.30E+00  1.35E+00  1.40E+00  1.58E+00
  1.88E+00  2.18E+00  2.48E+00  2.78E+00  3.08E+00  3.38E+00  3.67E+00  3.97E+00  4.27E+00  4.57E+00
  4.87E+00  5.17E+00  5.47E+00  5.77E+00  6.07E+00  6.37E+00  6.67E+00  6.97E+00  7.27E+00  7.57E+00
  7.87E+00  8.17E+00  8.47E+00  8.77E+00  9.07E+00  9.38E+00  9.68E+00  9.98E+00  1.03E+01  1.06E+01
  1.09E+01  1.12E+01  1.15E+01  1.18E+01  1.21E+01  1.24E+01  1.27E+01  1.30E+01  1.33E+01  1.36E+01
  1.39E+01  1.42E+01  1.45E+01  1.48E+01  1.51E+01  1.54E+01  1.57E+01  1.60E+01  1.63E+01  1.66E+01
  1.69E+01  1.72E+01  1.75E+01  1.78E+01  1.81E+01  1.84E+01  1.87E+01  1.90E+01  1.93E+01  1.96E+01
  1.99E+01  2.02E+01  2.05E+01  2.08E+01  2.11E+01  2.14E+01  2.17E+01  2.20E+01  2.23E+01  2.26E+01
  2.29E+01  2.32E+01  2.35E+01  2.38E+01  2.41E+01  2.44E+01  2.47E+01  2.50E+01  2.53E+01  2.56E+01
  2.59E+01  2.62E+01  2.65E+01  2.68E+01  2.71E+01  2.74E+01  2.77E+01  2.80E+01  2.83E+01  2.86E+01
  2.89E+01  2.92E+01  2.95E+01  2.98E+01  3.01E+01  3.04E+01  3.07E+01  3.10E+01  3.13E+01  3.16E+01
  3.19E+01  3.22E+01  3.25E+01  3.28E+01  3.31E+01  3.34E+01  3.37E+01  3.40E+01  3.43E+01  3.46E+01
  3.49E+01  3.52E+01  3.55E+01  3.58E+01  3.61E+01  3.64E+01  3.67E+01  3.70E+01  3.73E+01  3.76E+01
  3.79E+01  3.82E+01  3.85E+01  3.88E+01  3.91E+01  3.94E+01  3.97E+01  4.00E+01  4.03E+01  4.06E+01
  4.09E+01  4.12E+01  4.15E+01  4.18E+01  4.21E+01  4.24E+01  4.27E+01  4.30E+01  4.33E+01  4.36E+01
  4.39E+01  4.42E+01  4.45E+01  4.48E+01  4.51E+01  4.54E+01  4.57E+01  4.60E+01  4.63E+01  4.89E+01
  5.39E+01  5.89E+01  6.39E+01  6.89E+01  7.39E+01  7.89E+01  8.39E+01  8.89E+01  9.39E+01  9.89E+01
  1.04E+02  1.09E+02  1.14E+02  1.19E+02  1.24E+02  1.29E+02  1.34E+02  1.39E+02  1.44E+02
 radial values of r
  0.00E+00  5.00E-02  1.00E-01  1.50E-01  2.00E-01  2.50E-01  3.00E-01  3.50E-01  4.00E-01  4.50E-01
  5.00E-01  5.50E-01  6.00E-01  6.50E-01  7.00E-01  7.50E-01  8.00E-01  8.50E-01  9.00E-01  9.50E-01
  1.00E+00  1.05E+00  1.10E+00  1.15E+00  1.20E+00  1.25E+00  1.30E+00  1.35E+00  1.40E+00  1.45E+00
  1.50E+00  1.78E+00  2.28E+00  2.78E+00  3.28E+00  3.78E+00  4.28E+00  4.78E+00  5.28E+00  5.78E+00
  6.28E+00  6.78E+00  7.28E+00  7.78E+00  8.28E+00  8.78E+00  9.28E+00  9.78E+00  1.03E+01  1.08E+01
  1.13E+01  1.20E+01  1.30E+01  1.40E+01  1.50E+01  1.60E+01  1.70E+01  1.80E+01  1.90E+01  2.00E+01
  2.10E+01  2.20E+01  2.30E+01  2.40E+01  2.50E+01  2.60E+01  2.70E+01  2.80E+01  2.90E+01  3.00E+01
  3.10E+01  3.40E+01  3.90E+01  4.40E+01  4.90E+01  5.40E+01  5.90E+01  6.40E+01  6.90E+01  7.40E+01
  7.90E+01  8.40E+01  8.90E+01  9.40E+01  9.90E+01  1.04E+02  1.09E+02  1.14E+02  1.19E+02  1.24E+02
  1.29E+02  1.52E+02  1.92E+02  2.32E+02  2.72E+02  3.12E+02  3.52E+02  3.92E+02  4.32E+02
